/*--------------------------------*- C++ -*----------------------------------*\
| =========                 |                                                 |
| \\      /  F ield         | OpenFOAM: The Open Source CFD Toolbox           |
|  \\    /   O peration     | Version:  2406                                  |
|   \\  /    A nd           | Website:  www.openfoam.com                      |
|    \\/     M anipulation  |                                                 |
\*---------------------------------------------------------------------------*/
FoamFile
{
    version     2.0;
    format      ascii;
    arch        "LSB;label=32;scalar=64";
    class       volScalarField;
    location    "0.0006";
    object      p;
}
// * * * * * * * * * * * * * * * * * * * * * * * * * * * * * * * * * * * * * //

dimensions      [0 2 -2 0 0 0 0];

internalField   nonuniform List<scalar> 
5000
(
-16033.3
-15319.1
-14691.9
-14204.4
-13833.3
-13540.6
-13293.9
-13081
-12888.8
-12734.1
-12600.9
-12495.3
-12429
-12383.7
-12367.2
-12385.4
-12415.3
-12455.4
-12516.3
-12580.3
-12627.9
-12658.3
-12668.1
-12655.4
-12639.5
-12642.5
-12662.6
-12687
-12712.2
-12727.8
-12693.6
-12563.4
-12331.4
-12039.4
-11730.8
-11412.7
-11072.2
-10720.2
-10402.6
-10160.3
-9984.95
-9822.21
-9622.27
-9385.85
-9160.84
-8995.44
-8893.31
-8810.46
-8692.51
-8516.84
-8305.41
-8102.46
-7939.74
-7817.19
-7710.96
-7598.27
-7478.19
-7373.23
-7312.2
-7307.85
-7345.78
-7392.18
-7415.03
-7405.4
-7385.46
-7398.53
-7486.35
-7667.03
-7927.11
-8232.74
-8552.31
-8874.29
-9207.77
-9566.68
-9951.78
-10345.2
-10720.4
-11056.3
-11342.6
-11575.2
-11751.5
-11872.2
-11947.8
-11997.8
-12041.6
-12086.9
-12124.2
-12126.9
-12060.1
-11897.8
-11627.7
-11235.9
-10709
-10057.8
-9296.95
-8420.82
-7415.89
-6200.7
-4596.01
-2562.3
-17346.7
-16447.4
-15683
-15047.4
-14512.9
-14057.3
-13666
-13341.1
-13053.6
-12813.8
-12641.1
-12506.9
-12405.9
-12355.3
-12343.8
-12350.7
-12380.5
-12437.6
-12494.5
-12528.3
-12553.1
-12576.1
-12569.7
-12521.2
-12464.5
-12435.7
-12434.1
-12442.9
-12454.1
-12451.1
-12391.8
-12238.4
-11999.2
-11719.3
-11431.5
-11131.1
-10807
-10482.6
-10208.5
-10013.6
-9869.99
-9715.82
-9513.09
-9281.94
-9079.07
-8943.11
-8858.93
-8770.82
-8628.63
-8425.29
-8196.76
-7990.01
-7828.34
-7700.2
-7576.04
-7436.53
-7289.99
-7167.39
-7100.03
-7096.43
-7134.47
-7173.91
-7181.51
-7152.94
-7118.02
-7125.03
-7213.61
-7392.79
-7638.46
-7911.59
-8183.91
-8452.09
-8731.01
-9033.68
-9356.06
-9678.67
-9979.63
-10244.1
-10461.3
-10618.1
-10701.4
-10711.6
-10670.9
-10613.3
-10563
-10521.9
-10475
-10401.3
-10271.7
-10049.6
-9710.58
-9247.98
-8655.1
-7935.31
-7105.21
-6175.26
-5165.24
-4025.2
-2633.19
-1029.57
-18566
-17459.5
-16543.4
-15760.9
-15091.2
-14525.8
-14040.4
-13625.8
-13281
-12987.5
-12759.7
-12600.6
-12484.3
-12400.8
-12362.9
-12367.6
-12395.3
-12433.5
-12466
-12478.3
-12477.1
-12467
-12428.6
-12353.6
-12274.1
-12228.2
-12218.6
-12223.1
-12221
-12191.8
-12106.9
-11945.8
-11719
-11458.7
-11185.6
-10897.1
-10592.5
-10298
-10053.5
-9873.56
-9727.93
-9567.41
-9369.85
-9160.04
-8984.5
-8866.44
-8783.21
-8684.67
-8533.57
-8332.53
-8117.51
-7927.36
-7775.78
-7646.29
-7510.81
-7355.22
-7192.9
-7057.09
-6978.25
-6962.25
-6984.4
-7003.69
-6988.98
-6940.2
-6890.7
-6888.42
-6967.74
-7130.44
-7348.74
-7586.75
-7823.39
-8058.68
-8300.73
-8547.84
-8783.87
-8990.21
-9159.42
-9293.83
-9391.05
-9435.92
-9412.45
-9324.78
-9202.54
-9081.64
-8978.84
-8883.99
-8773.2
-8623.03
-8409
-8098.99
-7667.36
-7118.37
-6471.15
-5733.3
-4927.3
-4092.62
-3243.37
-2319.18
-1278.71
-81.9093
-19280.2
-18033.5
-16992.1
-16114.5
-15356.6
-14724.8
-14202.2
-13756.1
-13370.1
-13053.8
-12805.8
-12611.9
-12466.6
-12367.8
-12308.3
-12278.5
-12275.3
-12291.9
-12299.6
-12278
-12239.6
-12191.7
-12113.6
-12003.8
-11906
-11858
-11847
-11835.8
-11806.3
-11755.1
-11667.5
-11522.2
-11320.1
-11086.9
-10844.3
-10590.9
-10320.4
-10048.1
-9808.48
-9622.59
-9474.52
-9325.38
-9150.96
-8964.37
-8801.75
-8686.11
-8604.19
-8516.3
-8388.25
-8216.68
-8028.01
-7854.98
-7711.5
-7585.08
-7450.51
-7292.95
-7122.64
-6970.56
-6867.97
-6824.37
-6819.6
-6816.45
-6785.86
-6727.63
-6672.05
-6661.07
-6722.35
-6854.75
-7034.78
-7236.47
-7446.62
-7662.62
-7877.76
-8072.1
-8220.8
-8311.87
-8353.08
-8358.66
-8330.82
-8258.8
-8137.25
-7981.21
-7819.12
-7672.42
-7543.82
-7419.62
-7274.82
-7077.43
-6799.24
-6424.7
-5945.45
-5371.33
-4736.77
-4064.72
-3378.64
-2694.36
-1983.21
-1205.32
-355.574
237.676
-19316.2
-18024.9
-16928.3
-15995.1
-15219.3
-14591.6
-14064
-13635.8
-13265.2
-12948.8
-12693.2
-12488.6
-12332
-12217.5
-12133.6
-12069.5
-12024.8
-11998.6
-11969.8
-11917.7
-11844.7
-11752.8
-11633.3
-11500.3
-11395.8
-11340.8
-11310.9
-11274.6
-11226.7
-11171.4
-11093.5
-10970.6
-10803.9
-10616.8
-10421.4
-10204.3
-9951.69
-9682.17
-9441.2
-9260.56
-9127.64
-8998.36
-8840.29
-8662.54
-8504.77
-8398.15
-8335.74
-8277.58
-8183
-8040.98
-7874.6
-7718.9
-7592.45
-7484.63
-7366.96
-7218.26
-7043.9
-6874.77
-6746.87
-6676.58
-6649.85
-6633.24
-6598.56
-6543.28
-6492.01
-6479
-6526.09
-6632.62
-6782.93
-6960.9
-7155.94
-7355.57
-7536.11
-7667.03
-7729.18
-7728.59
-7688.2
-7624.13
-7532.69
-7403.49
-7241.24
-7067.96
-6903.89
-6753.88
-6612.28
-6468.81
-6302.86
-6083.03
-5783.97
-5401.33
-4945.11
-4432.86
-3892.39
-3347.51
-2807.63
-2243.07
-1607.6
-920.926
-210.608
149.263
-18682
-17426.2
-16340.7
-15431.1
-14689.1
-14106.9
-13632.5
-13250.5
-12925.9
-12644.4
-12407.4
-12205
-12042.8
-11924.3
-11831.5
-11743.1
-11660.3
-11592.2
-11523.1
-11430.5
-11316
-11188.1
-11046.6
-10904.7
-10792.1
-10720.1
-10667.4
-10612.1
-10554.9
-10501.3
-10438.9
-10348.9
-10229.2
-10089.3
-9926.49
-9722.78
-9472.93
-9208.1
-8979.62
-8815.62
-8696.32
-8574.69
-8422.15
-8254.74
-8116.44
-8037.22
-8004.91
-7974.29
-7903.06
-7783
-7642
-7518.03
-7427.74
-7354.05
-7261.04
-7123.2
-6946.82
-6767.82
-6628.22
-6548.93
-6518.31
-6503.79
-6476.76
-6431.97
-6388.29
-6372.92
-6403.95
-6484.5
-6609.26
-6771.5
-6959.97
-7149.54
-7301.01
-7378.85
-7374.51
-7311.38
-7222.79
-7124.06
-7007.8
-6864.91
-6702.88
-6539.25
-6383.13
-6231.9
-6081.33
-5924.72
-5743.79
-5518.43
-5237.9
-4897.5
-4513.31
-4105.04
-3678.43
-3240.34
-2773.08
-2224.68
-1569.92
-930.231
-320.549
20.1864
-17484.1
-16328.4
-15319.1
-14483.7
-13822.8
-13324.9
-12940.6
-12629.9
-12371.2
-12144.9
-11947
-11771.1
-11618.4
-11494.1
-11392.3
-11297.7
-11205.7
-11116.5
-11012.6
-10879.4
-10729.4
-10578.8
-10427.9
-10282
-10159.8
-10068.4
-9992.54
-9920.42
-9858.97
-9814.9
-9774.8
-9715.69
-9626.44
-9507.3
-9353.61
-9154.76
-8914.96
-8666.86
-8454.02
-8296.38
-8175.08
-8053.92
-7916.15
-7780.88
-7683.82
-7641.93
-7634.88
-7619.38
-7562.89
-7467.27
-7363.69
-7284.37
-7235.06
-7189.37
-7108.92
-6973.25
-6797.23
-6623.43
-6495.5
-6431.55
-6416.18
-6414.95
-6399.31
-6363.39
-6322.69
-6299.38
-6309.66
-6361.32
-6458.4
-6600.97
-6775.79
-6948.83
-7074.48
-7120.78
-7089.48
-7009.88
-6911.41
-6803.05
-6678.54
-6534.58
-6376.81
-6211.13
-6038.75
-5861.78
-5685.31
-5508.19
-5317.5
-5103.65
-4866.29
-4596.25
-4299.52
-3980.99
-3626.06
-3229.26
-2754.26
-2180.22
-1514.03
-954.648
-447.901
-75.2169
-15887.3
-14873.1
-13984.5
-13255.4
-12704.6
-12317.7
-12034.2
-11812.1
-11626.5
-11470.4
-11334.6
-11205.9
-11082.7
-10969.5
-10870
-10778.8
-10689.1
-10592
-10468.6
-10313.1
-10147.5
-9990.46
-9838.21
-9687.47
-9550.22
-9435.78
-9340.55
-9262.6
-9208.18
-9175.4
-9143.6
-9088.54
-9001.47
-8885.82
-8740.33
-8556.64
-8336.59
-8104.93
-7897.47
-7734.87
-7610.07
-7501.92
-7400.13
-7315.43
-7265.93
-7254.22
-7258.76
-7248.15
-7205.26
-7139.58
-7076.99
-7035.78
-7008.86
-6966.65
-6878.84
-6738.8
-6572.42
-6424.27
-6330.72
-6298.63
-6304.11
-6310.89
-6293.88
-6251.22
-6199.17
-6158.38
-6145.16
-6171.88
-6248.68
-6376.98
-6537.58
-6688.94
-6785.93
-6807.39
-6766.66
-6693.37
-6605.82
-6502.91
-6378.8
-6234.57
-6071.7
-5885.34
-5675.35
-5455.67
-5241.23
-5036.6
-4842.52
-4653.45
-4461.88
-4259.32
-4027.04
-3758.27
-3430.57
-3033.21
-2557.3
-1999.64
-1384.82
-945.028
-533.41
-130.639
-14038.9
-13194.6
-12451.2
-11853.1
-11426.5
-11151.5
-10969
-10852.7
-10755.6
-10671
-10598
-10523.9
-10449.7
-10379.3
-10312.9
-10240.9
-10155.1
-10051.2
-9921.01
-9766.45
-9607.68
-9455.61
-9300.36
-9137.76
-8984.11
-8857.34
-8760.89
-8690.07
-8639.17
-8596.77
-8545.38
-8473.5
-8382.94
-8278
-8151.1
-7986.59
-7781.18
-7557
-7350.8
-7189.47
-7075.75
-6995.43
-6935.27
-6892.93
-6871.3
-6866.59
-6864.58
-6849.55
-6816.84
-6776.12
-6741.42
-6715.97
-6685.23
-6625.25
-6521.14
-6382.11
-6240.8
-6135.62
-6087.39
-6086.79
-6101.58
-6097.97
-6060.25
-5995.47
-5923.37
-5863.74
-5832.36
-5844.11
-5912.04
-6035.81
-6189.42
-6325.89
-6402.88
-6408.83
-6364.36
-6297.37
-6218.81
-6122.66
-6002.08
-5855.84
-5680
-5466.66
-5220.43
-4966.19
-4726.33
-4506.68
-4317.91
-4157.82
-3996.1
-3827.2
-3622.77
-3358.78
-3043.94
-2662.06
-2230.09
-1745.75
-1212.8
-884.113
-560.55
-154.695
-12047.2
-11380.7
-10796.9
-10345.4
-10049.5
-9887.61
-9813.55
-9800.28
-9803.46
-9799.83
-9791.26
-9779.38
-9766.02
-9749.97
-9727.31
-9685
-9615.1
-9521.24
-9404.15
-9266.64
-9120.28
-8969.29
-8807.72
-8641.02
-8491.4
-8375.41
-8289.09
-8217.08
-8146.36
-8070.09
-7987.29
-7902.82
-7821.36
-7735.88
-7624.82
-7467.14
-7263.63
-7043.06
-6845.69
-6698.74
-6604.19
-6545.76
-6505.14
-6472.3
-6444.5
-6419.75
-6393.66
-6362.53
-6327.5
-6293.62
-6263.13
-6228.92
-6175.53
-6089.2
-5970.78
-5841.34
-5733.64
-5673.3
-5661.87
-5674.74
-5676.52
-5643.01
-5573.84
-5487.71
-5407.43
-5349.4
-5324.98
-5346.41
-5423.93
-5551.96
-5699.44
-5820.43
-5881.31
-5879.87
-5837.97
-5777.21
-5704.18
-5615.02
-5503.92
-5362.71
-5180.97
-4955.79
-4700.6
-4441.3
-4202.81
-3995.25
-3819.36
-3673.44
-3526.28
-3349.11
-3137.52
-2872.26
-2568.46
-2235.09
-1875.39
-1468.08
-999.769
-766.236
-541.353
-159.821
-9983.58
-9504.29
-9083.53
-8775.58
-8613.56
-8568.63
-8608.74
-8692.12
-8791.91
-8881.49
-8952.04
-9012.39
-9064.18
-9100.56
-9119.52
-9113.54
-9077.51
-9014.9
-8924.73
-8806.24
-8668.62
-8521.63
-8371
-8227.67
-8106.07
-8008.54
-7920.92
-7826
-7717.52
-7602.88
-7496.97
-7411.49
-7342.96
-7268.33
-7156.4
-6990.33
-6782.79
-6570.04
-6389.44
-6258.78
-6171.89
-6109.67
-6054.66
-5998.34
-5939.4
-5878.81
-5817.48
-5757.1
-5700.6
-5649.25
-5598.17
-5535.3
-5447.2
-5329.58
-5195.28
-5071.78
-4987.23
-4952.37
-4951.59
-4951.02
-4919.68
-4848.7
-4754.5
-4665.08
-4602.43
-4576.21
-4590.59
-4651.53
-4761.56
-4905.89
-5048.27
-5148.15
-5186.43
-5174.12
-5135.17
-5084.07
-5021.9
-4946.62
-4855.33
-4736.08
-4572.92
-4367.54
-4142.81
-3918.61
-3707.83
-3529.22
-3376.84
-3226.31
-3071.6
-2881.67
-2650.01
-2394.83
-2120.59
-1839.32
-1533.88
-1171.06
-749.827
-617.281
-500.848
-154.844
-7875.24
-7600.94
-7348.56
-7187.3
-7164.35
-7239.89
-7383.84
-7566.5
-7761.47
-7948.17
-8107.97
-8239.26
-8348.4
-8436.6
-8506.22
-8549.71
-8558.09
-8530.39
-8465.46
-8366.72
-8249.43
-8130.43
-8018.9
-7918.28
-7826.67
-7734.06
-7627.05
-7498.74
-7354.84
-7212.3
-7091.51
-7002.71
-6933.87
-6852.92
-6728.07
-6551.54
-6345.99
-6148.09
-5984.34
-5858.61
-5757.79
-5666.03
-5574.36
-5480.62
-5384.53
-5285.06
-5182.26
-5079.7
-4982.81
-4893.02
-4802.9
-4698.07
-4566.73
-4410.99
-4250.99
-4116.59
-4029.69
-3988.82
-3967.87
-3932
-3860.86
-3762.06
-3664.96
-3600.49
-3584.22
-3615.67
-3689.88
-3804.84
-3954.47
-4116.25
-4252.56
-4331.38
-4347.93
-4324.13
-4286.53
-4247.09
-4204.26
-4154.33
-4093.39
-4010.9
-3893.11
-3740.51
-3573.58
-3409.58
-3248.59
-3099.07
-2965.39
-2818.87
-2650.82
-2458.73
-2234.93
-2000.22
-1755.51
-1498.5
-1207.83
-867.283
-501.486
-477.555
-460.085
-148.159
-5742.13
-5687.3
-5620.53
-5616.51
-5733.72
-5933.26
-6182.07
-6470.53
-6762.73
-7034.54
-7273.11
-7473.66
-7643.26
-7788.32
-7912.16
-8003.53
-8049.85
-8051.26
-8014.19
-7950.41
-7877.75
-7810.11
-7749.64
-7688.24
-7612.7
-7511.6
-7381.6
-7227.97
-7061.85
-6899.7
-6760.8
-6655.42
-6571.28
-6476.48
-6342.49
-6166.97
-5974.22
-5793.73
-5638.48
-5501.51
-5369.28
-5235.19
-5101.19
-4969.58
-4836.5
-4694.44
-4540.56
-4381.3
-4227.75
-4085.11
-3945.82
-3793.48
-3615.84
-3417.48
-3221.77
-3058.7
-2945.69
-2874.75
-2816.88
-2742.21
-2642.26
-2537.31
-2463.16
-2448
-2498.13
-2602.08
-2744.75
-2914.55
-3096.75
-3265.29
-3388.9
-3450.35
-3458.53
-3439.13
-3414.1
-3392.04
-3373.71
-3357.03
-3334.15
-3292.66
-3226.06
-3138.17
-3036.47
-2928.19
-2818.66
-2706.02
-2586.26
-2454.1
-2299.97
-2123.24
-1923.86
-1705.69
-1465.67
-1199.23
-904.517
-595.343
-301.449
-372.072
-431.866
-147.915
-3633.01
-3807.46
-3926.76
-4080.16
-4345.94
-4678.35
-5050.5
-5442.69
-5826.76
-6173.2
-6472.73
-6734.56
-6966.54
-7166.56
-7332.73
-7456.42
-7531.53
-7565.04
-7570
-7560.02
-7546.8
-7535
-7519.62
-7487.06
-7421.18
-7314.33
-7172.29
-7006.59
-6826.91
-6645.5
-6481.97
-6352.23
-6250.26
-6147.45
-6015.7
-5850.9
-5672.13
-5499.78
-5337.27
-5173.68
-5000.18
-4820.08
-4642.93
-4470.98
-4293.85
-4097.4
-3877.93
-3647.76
-3426.43
-3224.78
-3035.6
-2839.09
-2619.46
-2380.05
-2144.93
-1944.74
-1796.23
-1690.71
-1601.19
-1504.09
-1399.49
-1313.81
-1282.71
-1327.92
-1446.52
-1618.7
-1822.48
-2039.37
-2248.57
-2423.23
-2540.64
-2598.46
-2617.25
-2623.33
-2630.24
-2638.62
-2648.34
-2661.38
-2672.13
-2666.7
-2639.39
-2599.29
-2551.22
-2489.2
-2418.55
-2345.66
-2257.87
-2152.45
-2027.97
-1874.76
-1688.64
-1464.9
-1205.27
-921.531
-638.438
-381.425
-156.671
-296.316
-415.503
-151.559
-1599.5
-2009.56
-2314.03
-2632.15
-3057.11
-3521.65
-4012.5
-4496.24
-4957.54
-5374.1
-5730.72
-6039.89
-6311.91
-6542.89
-6732.7
-6880.96
-6989.29
-7067.13
-7126.68
-7177.07
-7221.69
-7258.96
-7282.86
-7279.67
-7231.48
-7130.7
-6986.49
-6812.96
-6619.03
-6416.33
-6228.51
-6078.96
-5967.08
-5864.22
-5738.02
-5578.6
-5399.29
-5215.26
-5026.82
-4824.23
-4604.23
-4376.86
-4154.69
-3937.19
-3707.95
-3448.94
-3158.8
-2857.83
-2574.62
-2324.84
-2099.82
-1873.87
-1625.21
-1354.38
-1086.39
-854.627
-678.413
-551.23
-449.085
-352.784
-266.486
-217.348
-236.613
-338.024
-510.899
-730.627
-973.194
-1219.26
-1448.48
-1637.91
-1772.45
-1856.94
-1913.17
-1962.3
-2011.26
-2056.25
-2094.21
-2125.42
-2147.3
-2153.27
-2141.83
-2121.64
-2100.34
-2074.87
-2045.28
-2015.21
-1971.85
-1903.14
-1803.98
-1660.47
-1463.54
-1215.4
-935.976
-657.302
-411.855
-208.657
-28.8233
-221.48
-391.904
-145.786
317.057
-341.334
-843.299
-1331.95
-1908.38
-2494.79
-3078.44
-3640.66
-4162.73
-4627.42
-5024.97
-5362.59
-5649.67
-5891.35
-6098.59
-6278.01
-6430.75
-6560.84
-6676.28
-6782.83
-6879.39
-6962.37
-7027.29
-7059.88
-7037.08
-6946.85
-6799.3
-6612.98
-6401.03
-6178.95
-5974.88
-5815.88
-5701.32
-5598.36
-5468.94
-5298.89
-5099.52
-4885.54
-4658.16
-4410.27
-4142.67
-3868.95
-3602.42
-3339.98
-3061.78
-2749.24
-2405.24
-2057.49
-1740.8
-1471.99
-1237.74
-1004.95
-746.037
-460.192
-175.17
71.4004
256.829
385.702
480.605
559.456
618.102
632.284
576.417
442.554
244.216
5.17677
-252.941
-512.712
-756.11
-965.278
-1132.12
-1264.61
-1378.72
-1483.14
-1574.41
-1646.21
-1697.22
-1727.85
-1735.98
-1722.82
-1699.48
-1680.43
-1672.3
-1675.13
-1688.71
-1705.6
-1704.55
-1663.75
-1570.64
-1413.64
-1190.25
-920.742
-644.529
-398.279
-196.469
-25.9196
130.511
-114.186
-339.218
-125.399
2054.93
1142.63
446.111
-198.867
-904.678
-1595.88
-2251.95
-2871.16
-3434.77
-3921.8
-4331.25
-4675.82
-4969.89
-5226.97
-5463.07
-5683.67
-5883.97
-6062.55
-6227.15
-6384.34
-6530.28
-6658.38
-6763.36
-6828.36
-6824.68
-6736.88
-6578.37
-6375.43
-6148.19
-5915.91
-5707.4
-5547.68
-5431.94
-5322.69
-5179.01
-4986.53
-4757.89
-4509.18
-4242.6
-3952.46
-3641.87
-3326.84
-3021.93
-2723.82
-2412.35
-2070.34
-1704.17
-1345.36
-1029.92
-771.687
-551.145
-329.08
-75.0426
210.342
495.259
738.181
914.526
1028.78
1104.36
1160.66
1196.51
1192.58
1128.47
998.327
812.315
586.644
335.44
72.2032
-185.686
-420.475
-624.614
-804.604
-970.243
-1120.41
-1242.46
-1325.07
-1367.1
-1373.34
-1348.51
-1302.2
-1255.39
-1230.71
-1235.89
-1267.16
-1319.19
-1374.24
-1398.77
-1363
-1254.61
-1073.51
-832.444
-566.271
-318.079
-110.124
64.6302
219.455
347.921
39.0374
-257.374
-100.142
3550.39
2402.55
1538.53
762.677
-51.8184
-818.421
-1528.41
-2174.32
-2751.28
-3246.76
-3659.85
-4010.41
-4321.69
-4609.32
-4884.06
-5145.34
-5384.72
-5601.12
-5806.48
-6008.87
-6199.28
-6364.61
-6496.55
-6576.94
-6575.69
-6478.84
-6306.11
-6091.76
-5860.84
-5632.39
-5431.04
-5276.14
-5158.23
-5038.07
-4876.19
-4661.28
-4408.21
-4133.3
-3837.83
-3515.91
-3172.36
-2826.28
-2495.34
-2178.34
-1856.32
-1512.9
-1154.88
-812.946
-520.176
-285.615
-84.9754
123.357
368.6
646.205
920.22
1147.16
1303.33
1395.99
1451.75
1493.22
1522.87
1525.15
1481.77
1384.83
1237.7
1047.56
821.275
568.967
307.415
54.829
-179.026
-394.536
-592.011
-761.86
-887.768
-958.601
-974.725
-944.652
-881.327
-804.566
-742.307
-719.465
-742.156
-800.028
-878.102
-950.657
-978.396
-931.358
-806.558
-618.993
-391.192
-155.209
59.4093
244.315
404.703
532.656
608.235
216.333
-169.227
-76.8451
4765.71
3421.38
2427.68
1555.45
661.685
-147.765
-885.643
-1542.98
-2123.18
-2626.73
-3054.84
-3428.86
-3772.46
-4096.28
-4404.46
-4694.8
-4961.1
-5205.65
-5443.43
-5681.1
-5902.39
-6087.16
-6225.53
-6301.75
-6289.41
-6179.57
-5998.1
-5784.08
-5563.18
-5350.52
-5164.32
-5017.99
-4899.23
-4770.22
-4595.66
-4368.13
-4103.58
-3816.59
-3506.13
-3165.97
-2803.42
-2441.91
-2103.22
-1788.55
-1479.19
-1157.23
-826.455
-513.459
-246.702
-31.4683
157.849
360.797
601.846
871.274
1130.39
1336.71
1470.74
1545.09
1591.05
1634.62
1680.68
1714.7
1716.66
1672.99
1578.41
1432.22
1237.85
1006.75
758.64
513.183
280.605
63.1056
-133.834
-294.668
-400.907
-443.649
-427.602
-366.248
-278.53
-190.356
-132.129
-125.515
-169.973
-247.379
-336.205
-410.12
-434.243
-385.097
-268.595
-106.717
81.6639
280.347
473.029
645.182
778.433
850.601
856.457
373.941
-98.9418
-53.9406
5685.44
4196.05
3114.47
2186.51
1255.65
423.481
-323.87
-994.096
-1592.02
-2115.61
-2571.05
-2979.49
-3357.58
-3709.09
-4037.12
-4344.57
-4629.9
-4895.68
-5154.98
-5410.94
-5642.13
-5825.38
-5952.61
-6013.12
-5985.96
-5866.96
-5685.37
-5481.05
-5277.51
-5085.36
-4917.39
-4782.69
-4667.9
-4537.97
-4362.21
-4136.19
-3875.18
-3590.54
-3278.6
-2933.54
-2566.2
-2204.68
-1874.17
-1576.74
-1291.96
-998.291
-694.908
-403.691
-149.59
63.0114
257.097
466.583
709.493
971.902
1215.31
1402.03
1519.62
1587.02
1639.07
1702.52
1781.28
1859.13
1913.07
1924.76
1883.31
1783.91
1629.37
1433.38
1218.21
1004.43
802.473
615.642
451.153
324.759
252.554
239.646
277.655
350.139
436.583
511.857
548.91
531.153
464.454
371.148
273.429
192.053
153.544
177.114
257.678
377.501
526.112
697.119
872.081
1016.71
1095.86
1097.25
1038.9
480.732
-55.9283
-37.1936
6299
4728.08
3606.35
2658.22
1718.21
871.95
112.259
-575.604
-1198.43
-1749.4
-2235.02
-2673.29
-3074.63
-3440.87
-3778.97
-4097.89
-4397.53
-4675.9
-4941.23
-5194.7
-5414.9
-5580.49
-5687.2
-5728.98
-5689.08
-5566.08
-5389.73
-5198.19
-5012.17
-4839.23
-4688.85
-4567.34
-4460.83
-4337.02
-4169.27
-3955.18
-3708.3
-3436.17
-3132.6
-2792.64
-2430.55
-2077.78
-1760.68
-1479.85
-1211.78
-931.421
-634.764
-341.415
-75.8023
155.525
370.433
596.027
844.567
1100.37
1328.54
1499.15
1608.16
1680.06
1750.63
1843.81
1959.22
2076.57
2169.85
2218.61
2211.34
2145.11
2026.92
1874.49
1710.86
1553.46
1408.02
1274.31
1157.2
1069.53
1023.81
1023.13
1059.84
1119.86
1185.45
1235.06
1245.43
1202.15
1111.38
995.304
874.521
764.591
686.91
663.251
698.394
782.604
905.412
1052.63
1192.49
1281.71
1294.95
1239.71
1136.19
529.483
-38.0224
-34.5712
6599.2
5010.88
3892.12
2950.36
2007.68
1157.03
383.315
-319.535
-957.3
-1528.64
-2036.7
-2493.12
-2906.03
-3279.83
-3624.62
-3950.89
-4256.24
-4533.4
-4787.78
-5022.35
-5219.62
-5361.69
-5446.72
-5470.76
-5419.61
-5293.87
-5123.04
-4942.9
-4771.53
-4614.34
-4478.41
-4367.42
-4266.74
-4146.64
-3984.94
-3781.85
-3549.78
-3292.85
-3002.37
-2673.48
-2321.98
-1979.85
-1671.85
-1395.69
-1125.37
-834.809
-520.274
-202.389
92.603
354.767
596.861
840.291
1093.61
1341.93
1556.26
1715.35
1822.79
1905.87
1997.71
2116.17
2254.86
2390.26
2496.32
2555.12
2559.46
2512.01
2425.25
2319.64
2215.91
2124.57
2042.93
1963.92
1887.9
1824.7
1785.71
1775.81
1792
1825.34
1862.06
1883.52
1867.94
1799.26
1679.82
1529.68
1369.91
1215.99
1089.44
1018
1016.67
1078.11
1180.13
1291.37
1373.44
1397.04
1360.33
1277.26
1153.37
525.873
-43.213
-39.4725
6582.95
5029.97
3941.17
3025.11
2092.15
1250.95
480.024
-223.099
-863.5
-1443.13
-1960.54
-2423.47
-2841.07
-3219.53
-3567.08
-3891.37
-4188.13
-4449.11
-4681.07
-4890.71
-5064.17
-5184.98
-5250.73
-5257.32
-5192.82
-5060.81
-4891.3
-4717.8
-4555.55
-4407.67
-4278.54
-4168.81
-4062.99
-3934.66
-3767.44
-3565.75
-3342.01
-3097.26
-2819.59
-2502.38
-2160.25
-1823.09
-1512.55
-1223.89
-931.105
-610.57
-262.08
90.6799
419.097
710.686
974.676
1228.93
1480.6
1717.63
1917.96
2068.54
2178.23
2273.73
2381.88
2511.99
2651.24
2774.71
2860.22
2897.22
2887.33
2841.34
2776.87
2714.21
2667.73
2637.52
2610.47
2572.23
2519.42
2461.05
2410.67
2378.49
2367.95
2374.69
2386.63
2385.11
2347.09
2252.62
2098.95
1905.41
1698.85
1501.63
1338.19
1237.42
1214.57
1255.75
1324.93
1382.83
1402.87
1379.95
1321.61
1230.38
1108.84
485.674
-75.257
-48.6048
6246.53
4773.75
3737.46
2863.78
1970.52
1157.43
410.804
-275.386
-908.728
-1484.21
-1996.37
-2454.23
-2869.02
-3245.39
-3586.02
-3895.28
-4170.66
-4407.45
-4615.37
-4802.9
-4956.77
-5059.79
-5107.8
-5096.44
-5016.79
-4876.37
-4705.87
-4535.9
-4378.12
-4232.8
-4101.35
-3981.57
-3858
-3708.99
-3525.57
-3317.4
-3097.09
-2861.85
-2595.04
-2286.28
-1947.03
-1603.88
-1275.66
-957.201
-625.569
-262.769
125.822
513.03
868.971
1180.67
1456.37
1712.72
1957.28
2181.5
2369.32
2513.43
2624.59
2725.77
2835.84
2956.04
3069.68
3154.2
3195.07
3191.95
3156.08
3105.07
3058.54
3032.63
3032.15
3045.62
3050.79
3029.24
2978.1
2909.68
2842.55
2792.7
2767.73
2763.2
2763.55
2746.65
2687.66
2564.87
2373.87
2137.06
1891.22
1668.14
1492.03
1381.98
1341.54
1348.67
1366.24
1365.89
1341.47
1299.46
1236.72
1142.54
1029.29
423.174
-126.874
-69.1519
5608.77
4252.58
3294.87
2484.59
1655.05
888.487
179.078
-478.74
-1090.68
-1645.06
-2136.8
-2577.36
-2977.61
-3339.09
-3659.99
-3944.08
-4193.06
-4406.37
-4594.23
-4762.97
-4897.9
-4981.9
-5011.15
-4982.75
-4891.5
-4748.12
-4582.14
-4419.15
-4265.71
-4118.68
-3976.79
-3836.2
-3683.38
-3503.51
-3296.38
-3077.07
-2857.46
-2629.53
-2370.57
-2065.43
-1721.93
-1363.68
-1008.02
-651.6
-277.079
126.08
546.47
954.614
1321.83
1637.68
1912.21
2162.7
2397.41
2609.84
2787.23
2924.76
3032.47
3128.71
3225.65
3319.4
3392.89
3428.68
3420.98
3378.62
3319.76
3264.99
3232.14
3230.98
3257.17
3290.89
3305.9
3285.11
3230.13
3158.06
3090.99
3046.55
3030.8
3033.96
3033.71
3004.7
2924.5
2775.95
2557.98
2296.56
2034.61
1807.76
1633.54
1515.27
1443.9
1399.12
1359.58
1316.06
1270.15
1218.5
1147.81
1051.42
940.296
348.037
-171.302
-91.9182
4722.35
3506.87
2645.68
1918.87
1161.02
452.478
-211.102
-828.565
-1398.6
-1912.93
-2371.32
-2783.64
-3156.55
-3489.69
-3780.56
-4034.65
-4257.4
-4449.93
-4619.71
-4768.76
-4881.61
-4944.09
-4955.53
-4915.72
-4822.45
-4687.28
-4535.59
-4385.54
-4237.55
-4085.34
-3926.22
-3756.51
-3566.64
-3350.15
-3115.81
-2883.11
-2661.7
-2437.28
-2180.99
-1873.62
-1520.58
-1143.88
-760.915
-371.592
34.814
461.373
892.035
1297.73
1654.41
1957.46
2220.76
2462.44
2689.64
2894.57
3064.02
3192.91
3290.02
3370.96
3444.89
3506.75
3541.78
3538.05
3496.41
3431
3362.45
3310.53
3289.21
3302.49
3340.19
3379.36
3395.19
3375.6
3327.59
3270.87
3226.76
3209.63
3220.4
3242.58
3248.15
3211.55
3117.2
2957.38
2735.79
2476.88
2219.77
1995.77
1814.98
1671.77
1555.83
1459.06
1378.08
1311.27
1249.71
1175.65
1080.86
976.187
865.294
284.84
-204.779
-109
3655.46
2590.48
1832.98
1196.98
517.449
-123.133
-727.118
-1286.31
-1797.63
-2261.23
-2679.44
-3056.04
-3392.64
-3689.49
-3945.96
-4169.24
-4366.39
-4538.38
-4689.38
-4818.02
-4909.97
-4955.67
-4957.81
-4917.56
-4833.65
-4716.2
-4584.6
-4449.22
-4305.43
-4145.7
-3967.68
-3769.19
-3545.23
-3297.11
-3040.92
-2798.38
-2575.36
-2351.38
-2093.03
-1779.53
-1416.17
-1025.05
-624.514
-217.868
199.81
625.979
1042.76
1424.83
1755.81
2038.74
2291.42
2530.89
2759.78
2965.35
3131.25
3251.61
3335.92
3400.92
3457.09
3501.37
3521.93
3510.12
3469.08
3412.99
3360.22
3326.58
3321.78
3346.26
3388.43
3427.16
3442.74
3429.34
3397.85
3367.41
3355.16
3370.38
3409.63
3452.73
3469.05
3434.15
3339.17
3185.03
2978.06
2735.81
2486.62
2255.25
2051.64
1874.55
1721.87
1594.68
1491.77
1401.95
1305.72
1190.82
1063.52
937.906
823.843
259.92
-232.96
-123.725
2472.74
1556.88
909.072
365.114
-223.808
-785.302
-1316.44
-1806.47
-2257.78
-2672.76
-3049.83
-3386.79
-3683.52
-3943.06
-4166.36
-4360.26
-4531.47
-4680.78
-4811.01
-4919.79
-4995.34
-5032.05
-5033.61
-5000.06
-4929.22
-4828.91
-4712.9
-4585.45
-4439.44
-4268.27
-4071.14
-3847.44
-3595.74
-3323.21
-3050.78
-2800.33
-2573.59
-2345.53
-2081.27
-1761.57
-1393.88
-1001.26
-602.559
-202.866
199.495
599.633
981.286
1325.69
1625.66
1891.52
2142.9
2392.52
2635.22
2851
3019.87
3136.79
3215.1
3276.25
3334.53
3389.24
3429.44
3445.85
3439.23
3419.8
3401.11
3394.87
3408.43
3442.33
3487.48
3527.3
3547.43
3546.01
3534.4
3528.22
3539.37
3573.71
3627.81
3683.26
3710.35
3684.69
3599.18
3458.17
3268.11
3039.66
2791.94
2547.36
2323.14
2128.24
1964.96
1828.8
1705.65
1574.6
1423.23
1262.02
1109.19
965.232
840.911
284.744
-220.759
-122.387
1243.53
476.364
-55.4895
-500.981
-989.434
-1466.84
-1926.16
-2356.95
-2762.39
-3137.89
-3476.45
-3774.66
-4034.42
-4261.46
-4456.49
-4624.19
-4770.1
-4895.76
-5004.69
-5095.16
-5157.98
-5189.59
-5192.03
-5162.51
-5097.68
-5003.76
-4890.53
-4758.61
-4600.8
-4412.76
-4195.19
-3948.15
-3672.32
-3378.82
-3091.27
-2830.56
-2595.01
-2357.69
-2085.74
-1764.32
-1404.19
-1028.68
-655.107
-287.359
76.4345
432.41
768.519
1073.7
1349.13
1610.09
1874.82
2148.81
2417.3
2652.9
2833.41
2956.97
3043.1
3119.29
3203.41
3295.09
3381.1
3448.16
3492.16
3518.47
3536.76
3556.87
3586.78
3629.74
3680.39
3725.6
3753.09
3761.14
3758.98
3758.82
3769.86
3798.61
3846.41
3900.95
3935.1
3921.59
3848.36
3717.63
3536.34
3314.62
3070.05
2826.71
2607.25
2423.12
2268.93
2124.92
1967.48
1784.72
1585.87
1392.72
1219.82
1066.77
929.52
353.823
-162.266
-101.624
40.6411
-572.593
-983.934
-1325.68
-1719.51
-2123.33
-2528.44
-2922.35
-3298.48
-3643.97
-3951.49
-4219.92
-4452.57
-4655.32
-4827.6
-4972.81
-5096.46
-5201.91
-5293.79
-5370.36
-5423.28
-5448.62
-5445.24
-5407.82
-5333.39
-5228.59
-5101.56
-4951.76
-4773.59
-4565.04
-4327.21
-4059.35
-3762.82
-3451.06
-3148.93
-2875.78
-2627.8
-2379.04
-2101.7
-1787.13
-1449.09
-1109.13
-779.758
-460.221
-145.356
164.039
460.572
739.418
1007.36
1281.19
1574.99
1885.77
2189.77
2454.1
2656.59
2800.09
2910.5
3020.05
3147.73
3290.77
3431.43
3551.54
3642.96
3708.42
3756.52
3797.62
3841.51
3893.58
3949.87
3997.08
4021.55
4020.3
4002.59
3982
3970.14
3976.89
4008.39
4057.08
4096.66
4094.28
4029.6
3901.37
3721.21
3507.29
3282
3068.71
2884.09
2728.61
2583.87
2422.66
2228.65
2010.95
1794.67
1592.86
1401.76
1227.61
1066.4
453.719
-89.2374
-71.6388
-1097.76
-1556.34
-1846.46
-2091.03
-2411.93
-2767.23
-3142.33
-3516.46
-3872.36
-4196.45
-4485.26
-4737.63
-4954.15
-5138.54
-5290.53
-5415.29
-5520.08
-5609.95
-5688.83
-5752.51
-5791.25
-5799.47
-5773.45
-5707.73
-5602.34
-5466.28
-5307.66
-5126.22
-4918.38
-4683.64
-4422.02
-4130.92
-3811.8
-3479.79
-3160.31
-2871.21
-2607.86
-2347.39
-2068.82
-1769.82
-1465.47
-1172.62
-895.914
-627.388
-357.198
-83.1859
190.133
461.072
738.201
1036.83
1365.71
1714.51
2053.17
2346.27
2573.48
2742.04
2881.95
3026.73
3193.28
3374.58
3548.69
3695.17
3806.07
3886.08
3946.28
3998.78
4053.77
4115.42
4176.81
4220.73
4230.68
4204.16
4155.36
4105.08
4070.35
4062.28
4085.42
4130.72
4170.72
4169.62
4103.45
3972.05
3795.57
3602.77
3419.27
3259.75
3123.97
2996.71
2854.9
2681.54
2477.73
2260.63
2046.25
1837.14
1627.2
1414.99
1211.08
572.615
-14.7355
-41.3539
-2188.55
-2500.34
-2677.6
-2842.9
-3111.23
-3439.51
-3800.21
-4160.48
-4500.5
-4812.05
-5093.51
-5339.1
-5544.57
-5712.48
-5845.53
-5952.49
-6042.09
-6119.01
-6183.83
-6228.2
-6240.6
-6214.65
-6146.38
-6033.02
-5879.34
-5696.98
-5494.16
-5271.25
-5026.56
-4760.16
-4470.13
-4151.93
-3807.43
-3453.43
-3115.36
-2809.22
-2529.93
-2258.47
-1980.81
-1699.96
-1430.46
-1182.59
-951.884
-722.887
-481.812
-225.296
42.2546
318.861
611.767
933.156
1287.22
1659.27
2017.09
2326.12
2568.91
2755.43
2916
3081.4
3263.71
3451.51
3621.32
3755.15
3850.74
3919.4
3976.96
4036.69
4106.02
4183.73
4256.63
4302.32
4302.23
4256.84
4188.11
4125.56
4089.84
4087.34
4113.15
4151.84
4177.04
4159.37
4082.07
3951.55
3793.94
3640.41
3511.06
3406.74
3312.03
3205.52
3071.93
2909.63
2727.27
2529.89
2311.28
2070.67
1822.32
1566.28
1315.03
658.888
43.4388
-20.2539
-3300.01
-3475.26
-3553.76
-3655.97
-3877.57
-4179.97
-4524.18
-4869.51
-5198.07
-5503.82
-5781.51
-6019.73
-6212.27
-6363.2
-6479.26
-6571.67
-6648.43
-6711.79
-6757.68
-6773.86
-6748.17
-6674.9
-6551.86
-6380.67
-6171.08
-5936.79
-5685.95
-5419.76
-5138.24
-4841.15
-4524.14
-4180.99
-3814.52
-3443.01
-3091.08
-2772.07
-2480.04
-2199.49
-1922.6
-1656.45
-1414.01
-1198.79
-998.159
-790.898
-561.338
-307.206
-35.337
249.434
551.202
878.964
1234.65
1603.47
1955.76
2261
2505.11
2698.48
2868.15
3038.86
3216.79
3387.61
3529.77
3631.89
3700.85
3756.04
3817.08
3895.31
3991.79
4097.53
4193.34
4254.12
4262.15
4221.89
4161.15
4114.05
4099.93
4116.16
4145.82
4167.97
4163.11
4117.58
4029.58
3912.28
3788.86
3680.83
3596.53
3528.23
3459.36
3375.63
3270.68
3142.02
2982.97
2782
2533.41
2247.16
1946.29
1652.19
1374.7
693.502
76.7601
-8.51795
-4525.31
-4572.85
-4559.91
-4598.46
-4765.82
-5029.02
-5345.01
-5672.47
-5991.02
-6289.1
-6555.39
-6776.5
-6948.73
-7079.07
-7176.84
-7253.01
-7312.95
-7355.66
-7372.91
-7350.3
-7276.55
-7147.75
-6964.59
-6733.5
-6468.27
-6183.5
-5886.98
-5580.95
-5266.64
-4942.81
-4602.64
-4239.05
-3856.24
-3473.29
-3112.42
-2782.96
-2477.4
-2183.47
-1899.08
-1635.01
-1402.94
-1201.13
-1011.21
-808.878
-578.819
-321.502
-47.427
234.887
526.419
834.509
1162.07
1498.5
1820.52
2103.68
2336.71
2528.04
2698.64
2866.01
3031.21
3179.39
3293.59
3370.63
3426.07
3485.04
3567.43
3679.18
3813.12
3953.54
4079.13
4167.16
4203.46
4194.34
4166.86
4152.32
4165.14
4195.69
4220.87
4220.09
4184.16
4115.58
4025.01
3926.92
3835.13
3758.38
3698.05
3649.42
3605.2
3557.4
3494.49
3395.66
3233.43
2992.79
2690.32
2358.96
2017.99
1695.32
1409.91
723.973
97.9731
-7.73259
-5925.24
-5847.9
-5736.46
-5695.47
-5796.75
-6010.68
-6291.6
-6596.89
-6897.04
-7172.7
-7410.38
-7600
-7742.79
-7847.25
-7922.34
-7975.88
-8009.81
-8020.32
-7996.89
-7925.62
-7797.7
-7611.32
-7369.91
-7083.86
-6769.49
-6441.48
-6107.67
-5771.61
-5434.91
-5094.01
-4739.09
-4362.52
-3969.96
-3580.31
-3212.12
-2869.85
-2544.46
-2227.12
-1921.62
-1642.7
-1401.96
-1194.77
-1000.06
-793.053
-560.209
-304.791
-40.0542
223.249
484.835
752.717
1033.51
1323.36
1607.02
1866.17
2091.01
2285.99
2464.78
2637.67
2801.96
2943.79
3051.02
3126.82
3191.89
3273.1
3387.62
3535.29
3702.63
3871.44
4023.61
4142.69
4218.47
4254.3
4268.46
4282.93
4307.39
4332.99
4341.15
4317.89
4261.69
4181.83
4091.66
4002.74
3923.03
3858.26
3813.54
3791.9
3788.7
3785.33
3748.94
3642.47
3443.28
3157.75
2816.35
2454.63
2094.73
1746.63
1429.22
754.504
112.407
-15.2951
-7500.37
-7292.12
-7067.71
-6933.78
-6961.82
-7123.93
-7365.73
-7636.42
-7897.42
-8127.64
-8317.71
-8463.48
-8569.5
-8642.47
-8688.46
-8711.35
-8710.5
-8680.94
-8611.7
-8490.71
-8311.53
-8073.63
-7782.48
-7451.59
-7099.23
-6740.44
-6383.86
-6034.07
-5691.34
-5348.06
-4990.89
-4611.93
-4218.2
-3827.71
-3454.64
-3098.76
-2750.18
-2404.08
-2070.21
-1767.46
-1508.41
-1287.75
-1084.16
-873.925
-644.993
-401.446
-156.406
79.9545
308.158
537.997
779.998
1036.56
1299.39
1554.89
1793.42
2014.8
2225.59
2429.99
2622.64
2790.61
2924.49
3029.56
3126.68
3240.74
3385.6
3557.69
3741.96
3922.45
4087.37
4227.5
4334.97
4406.83
4448.79
4471.84
4483.69
4483.43
4464.35
4420.85
4352.92
4266.27
4170.26
4076.05
3996.09
3943.61
3929.53
3954.47
3999.69
4025.39
3982.88
3837.8
3591.26
3276.17
2924.99
2554.92
2187.83
1826.22
1469.09
780.805
115.425
-30.8842
-9212.58
-8868.6
-8526.35
-8299.71
-8252.3
-8355.77
-8542.92
-8754.47
-8950.49
-9115.55
-9245.84
-9340.41
-9402.8
-9435.9
-9443.05
-9426.31
-9384.34
-9311.81
-9198.11
-9032.51
-8809.25
-8528.21
-8196.93
-7831.98
-7453.59
-7077.95
-6714.77
-6368.09
-6034.07
-5699.13
-5346.49
-4969.14
-4576.33
-4185.56
-3807.14
-3437.31
-3066.44
-2693.94
-2334.7
-2010.82
-1735.78
-1504.42
-1296.28
-1088.77
-869.812
-641.409
-413.334
-192.866
21.8432
240.881
475.614
730.956
1002.19
1278.35
1549.45
1811.8
2067.09
2315.98
2552.33
2764.26
2942.92
3091.75
3227.71
3371.79
3535.94
3717.16
3902.78
4080.42
4242.71
4384.52
4499.01
4578.97
4621.65
4631.25
4615.87
4582.66
4534.88
4471.75
4390.89
4292.84
4185.86
4087.25
4019.13
3999.92
4034.58
4106.24
4175.2
4192
4119.22
3946.24
3687.22
3367.53
3011.97
2637.51
2257.06
1885.33
1525.1
814.202
125.659
-41.6159
-11010.3
-10536.2
-10085
-9769.39
-9639.2
-9665.31
-9771.11
-9897.2
-10009.7
-10099.6
-10164.8
-10203.2
-10214.4
-10198.9
-10159
-10096.8
-10011.5
-9896.75
-9741.47
-9535.53
-9272.88
-8953.85
-8588.76
-8197.52
-7802.39
-7420.65
-7062.38
-6728.97
-6410.24
-6086.03
-5737.3
-5359.52
-4965.26
-4572.22
-4188.27
-3807.86
-3422.83
-3036.22
-2665.8
-2334.06
-2053.4
-1818.21
-1609.06
-1404.5
-1191.46
-968.03
-738.74
-507.212
-271.549
-24.9408
239.689
524.47
824.364
1129.52
1430.63
1723.36
2008.21
2285.75
2551.56
2795.83
3009.7
3193.19
3358.04
3521.65
3696.3
3882.43
4070.49
4248.36
4406.61
4538.48
4637.65
4698.58
4719.48
4704.44
4662
4601.18
4527.36
4440.48
4338.04
4222.69
4108.88
4021.5
3984.97
4009.31
4081.76
4167.64
4221.33
4205.46
4107
3934.35
3696.9
3394.07
3036.97
2659.53
2277.07
1900.61
1550.21
841.394
137.272
-50.0288
-12843.2
-12246.7
-11691.7
-11278.5
-11046.4
-10971
-10973.7
-11000.9
-11024.2
-11036.3
-11032.2
-11008.5
-10961.5
-10892.3
-10803.9
-10697.8
-10572.7
-10420.6
-10229.3
-9987.93
-9690.2
-9338.24
-8946.25
-8537.42
-8135.36
-7757.46
-7412.25
-7096.44
-6792.96
-6476.88
-6129.66
-5751.25
-5358.11
-4968.51
-4588.95
-4213.63
-3836.04
-3460.68
-3104
-2784.48
-2510.51
-2275.41
-2061.88
-1851.22
-1630.48
-1394.1
-1141.37
-872.853
-588.596
-288.496
26.1625
351.327
680.13
1004.68
1319.08
1621.83
1915.39
2202.43
2481.35
2744.93
2984.28
3196.05
3386.98
3571.56
3763.54
3967.3
4175.16
4371.3
4538.61
4664.25
4742.06
4772.84
4762.61
4719.76
4652.05
4564.81
4460.6
4340.45
4207.86
4074.42
3961.85
3894.7
3886.58
3930.09
3998.2
4055.68
4073.15
4035.85
3941.38
3788.79
3572.71
3289.86
2949.07
2577.83
2207.71
1845.92
1492.56
810.506
115.123
-70.6839
-14664.9
-13944.9
-13276.9
-12747.3
-12390.8
-12195.8
-12087.6
-12016.3
-11952.6
-11885.7
-11807.7
-11715.5
-11606.7
-11482.7
-11347.5
-11202
-11042.1
-10857.4
-10635
-10363.5
-10037.2
-9660.8
-9251.93
-8835.31
-8434.51
-8066.15
-7736.31
-7436.68
-7144.75
-6833.85
-6488.93
-6115.55
-5733.66
-5361.69
-5005.17
-4658.4
-4315.36
-3978.5
-3658.25
-3365.1
-3101.86
-2861.85
-2632.78
-2402
-2159.42
-1897.72
-1612.1
-1300.91
-966.9
-617.278
-261.84
89.8912
430.996
758.204
1071.95
1375.83
1675.15
1974.14
2272.7
2564.89
2841.41
3095.61
3329.23
3552.9
3779.9
4016.75
4256.63
4480.28
4663.7
4788.25
4847.71
4848.74
4805.04
4729.33
4628.58
4504.93
4360.21
4200.35
4037.82
3891.4
3781.83
3722.72
3711.91
3731.58
3758.24
3773.45
3766.96
3731.47
3654.28
3516.55
3308.9
3047.23
2752
2420.03
2066.04
1714.69
1359.32
702.39
40.6901
-107.181
-16420.6
-15571
-14778.3
-14121.1
-13631.3
-13312.5
-13094.9
-12927.4
-12776.4
-12627.2
-12473
-12310.2
-12139.8
-11964.2
-11785.9
-11604.1
-11412
-11197.7
-10947.4
-10649.6
-10299.8
-9905.29
-9485.09
-9063.38
-8662.4
-8297.77
-7973.68
-7678.6
-7387.97
-7076.99
-6735.87
-6374.92
-6015.33
-5673.87
-5354.4
-5050.78
-4755.93
-4467.72
-4188.1
-3918.66
-3657.76
-3401.48
-3145.85
-2887.3
-2620.87
-2338.95
-2033.02
-1698.38
-1338.34
-964.375
-591.539
-232.059
109.012
434.02
749.786
1064.02
1382.79
1709.01
2041.38
2374.07
2698.02
3005.22
3293.35
3567.62
3837.05
4106.48
4369.42
4606.94
4794.26
4911.64
4952.98
4926.86
4849.64
4735.93
4593.68
4426.58
4240.52
4047.78
3865.85
3712.21
3597.85
3522.59
3475.76
3444.07
3421.55
3410.05
3406.69
3391.34
3329.8
3194.91
2987.08
2733.25
2465.16
2187.22
1878
1542.78
1212.24
571.765
-53.9761
-145.301
-18041.8
-17060.5
-16145.3
-15367.6
-14754.7
-14319.2
-13993.6
-13726.5
-13484.2
-13250.2
-13020.6
-12792.8
-12568.1
-12348.3
-12132.8
-11918.7
-11697.5
-11456.6
-11182.2
-10862.5
-10493.6
-10083.8
-9651.4
-9219.15
-8808.58
-8435.43
-8103.42
-7800.28
-7502.64
-7189.95
-6857.19
-6516.35
-6185.97
-5878.57
-5595.47
-5330.31
-5075.36
-4824.58
-4572.91
-4315.37
-4048.64
-3773.7
-3495.96
-3220.93
-2948.35
-2669.35
-2370.17
-2040.27
-1679.65
-1299.81
-917.834
-547.533
-193.367
149.49
490.191
836.365
1190.92
1552.26
1916.21
2277.53
2630.98
2972.02
3298.38
3610.83
3911.55
4199.88
4467.79
4698.88
4872.8
4973.43
4995.9
4947.87
4844.16
4699.19
4523.22
4324.65
4114.82
3909.13
3722.79
3564.79
3435.16
3327.75
3236.74
3162.72
3113.08
3093.65
3095.82
3091.4
3043.76
2928.58
2743.88
2499.71
2218.77
1944.58
1679.04
1389.05
1103.87
484.194
-122.044
-168.745
-19458.3
-18355.1
-17338.7
-16461.9
-15741.4
-15194.5
-14758.9
-14387.8
-14051.7
-13738.2
-13442.9
-13162.6
-12896.2
-12643
-12400.2
-12162.1
-11919.1
-11658.3
-11365.3
-11028.4
-10644
-10219.8
-9772.38
-9323.38
-8895.24
-8505.47
-8158.95
-7844.62
-7542.04
-7234.62
-6919.17
-6604.73
-6303.42
-6022.11
-5760.71
-5515.3
-5280.88
-5051.28
-4818.2
-4573.17
-4312.24
-4039.89
-3767.35
-3505.13
-3254.31
-3002.99
-2731.17
-2421.54
-2069.08
-1683.52
-1283.09
-884.324
-494.379
-110.425
274.814
665.961
1061.23
1453.85
1836.53
2205.41
2561.14
2906.75
3244.88
3575.53
3894.95
4194.96
4462.92
4683.07
4839.95
4923.3
4931.74
4872.76
4758.93
4603.15
4416.96
4212.5
4004.23
3806.49
3627.48
3465.92
3315.5
3174.66
3052.98
2967.41
2928.27
2925.61
2930.34
2912.42
2857.41
2760.64
2611.21
2398.05
2129.78
1844.33
1584.45
1342.77
1092.5
480.633
-138.036
-165.13
-20608.6
-19411.2
-18328.4
-17377.7
-16563.1
-15908.3
-15362.4
-14890
-14469.9
-14091.2
-13747.1
-13431.9
-13140.2
-12867.4
-12608.5
-12356
-12099
-11823.8
-11515.6
-11163.2
-10763.8
-10324.8
-9861.37
-9395.09
-8949.99
-8545.25
-8186.84
-7865.31
-7563.14
-7266.06
-6969.46
-6676.31
-6391.3
-6117.4
-5856.72
-5611.99
-5385.04
-5173.08
-4967.07
-4755.29
-4530.49
-4295.02
-4059.17
-3832.97
-3616.59
-3396.44
-3150.06
-2857.27
-2510.65
-2118.97
-1701.58
-1277.9
-858.429
-442.764
-24.6152
400.171
828.306
1249.76
1653.48
2033.97
2394.02
2742.42
3087.83
3432.76
3770.61
4086.58
4361.8
4578.57
4725.03
4797.77
4801.26
4744.75
4638.63
4492.85
4318.31
4128.87
3939.76
3761.49
3594.09
3429.12
3261.24
3100.18
2970.65
2897.49
2886.07
2912.77
2935.38
2919.4
2857.11
2756.08
2612.39
2418.61
2188.32
1933.93
1680.97
1459.16
1222.79
571.206
-97.5552
-126.381
-21434.9
-20183.3
-19070.3
-18074.2
-17186.1
-16439.4
-15802.3
-15252.1
-14774.7
-14357
-13987.6
-13657.6
-13358
-13080.4
-12816.6
-12556.8
-12289
-11999.2
-11673.4
-11302.8
-10886.5
-10432.4
-9955.72
-9478.37
-9024.56
-8612.45
-8246.75
-7918.52
-7612.67
-7316.61
-7023.91
-6732.58
-6442.8
-6157.58
-5884.61
-5635.12
-5418.27
-5234.2
-5071.86
-4913.82
-4745.45
-4561.99
-4368.48
-4172.71
-3976.03
-3768.57
-3532.14
-3249.34
-2913.12
-2530.86
-2120.48
-1700.88
-1282.68
-864.674
-437.981
5.00996
462.86
923.586
1370.47
1791.34
2185.02
2560.74
2930.6
3299.92
3661.31
3995.79
4280.1
4496.15
4637.09
4707.18
4716.32
4673.89
4586.46
4460.78
4308.01
4143.77
3981.64
3824.99
3666
3496.09
3320.63
3163.46
3054.11
3007.78
3016.62
3057.05
3100.1
3114.86
3073.14
2965.36
2808.4
2621.59
2412.01
2190.43
1965.91
1739.07
1500.92
749.096
-27.3719
-68.2964
-21869.6
-20608.5
-19505
-18500.8
-17578.4
-16783.1
-16101.2
-15520
-15027.1
-14606.7
-14243.4
-13923.3
-13634.2
-13365.1
-13104.4
-12840.1
-12559.5
-12249.8
-11900.9
-11508.8
-11076.1
-10611.7
-10131.1
-9654.82
-9203.45
-8790.12
-8415.79
-8071.7
-7746.38
-7431.18
-7121.2
-6813.76
-6508.74
-6211.36
-5933.82
-5691.91
-5496.86
-5347.45
-5228.33
-5116.18
-4990.13
-4840.07
-4667.94
-4481.87
-4287.37
-4081.17
-3851.37
-3583.64
-3269.56
-2911.85
-2523.08
-2118.36
-1706.54
-1285.45
-844.834
-375.307
122.237
633.601
1137.14
1614.98
2061.95
2485.81
2898.6
3304.63
3693.66
4043.88
4332.65
4547.61
4690.52
4771.88
4801.64
4784.11
4721.19
4619.9
4495.22
4363.46
4231.44
4092.37
3935.17
3761.08
3591.93
3459.68
3384.63
3363.39
3378.13
3414.32
3462.81
3502.3
3490.78
3395.73
3236.07
3054.8
2853.95
2637.81
2425.11
2181.71
1916.79
994.004
46.3329
-0.203094
-21836.1
-20624.8
-19582.6
-18627.1
-17737
-16961.1
-16300.2
-15746.2
-15284.7
-14898.5
-14569.7
-14280.9
-14017
-13763.9
-13507.9
-13236.1
-12937.1
-12602.1
-12227
-11814.1
-11369.9
-10905
-10433.1
-9969.81
-9528.08
-9113.11
-8722.06
-8348.6
-7988.34
-7640.5
-7305.83
-6984.47
-6677.22
-6388.92
-6129.92
-5912.21
-5742.09
-5614.08
-5510.88
-5409.86
-5292.33
-5150.23
-4986.58
-4810.01
-4626.67
-4434.37
-4221.77
-3973.4
-3677.51
-3332.02
-2944.98
-2528.96
-2092.76
-1636.29
-1152.52
-635.572
-89.371
470.261
1022.13
1550.66
2053.09
2537.04
3009.91
3467.94
3893.74
4264.49
4564.63
4793.31
4960.91
5078.23
5148.17
5167.71
5137.91
5070.99
4985.54
4892.98
4788.67
4658.63
4497.73
4322.73
4167.35
4061.67
4013.21
4006.6
4020.2
4041.72
4067.48
4088.19
4079.24
4009.96
3869.98
3688.18
3498.19
3293.25
3063.23
2808.75
2516.34
1320.32
101.12
77.8713
-21291.8
-20208.3
-19291.6
-18454.9
-17676.7
-16997.1
-16422.9
-15947.5
-15556.9
-15233.2
-14957.3
-14711
-14477.1
-14239.5
-13984
-13699.5
-13378
-13016.7
-12618.4
-12190.6
-11743
-11285.5
-10828.3
-10379.9
-9944.15
-9519.56
-9102.67
-8693.13
-8296.29
-7920.77
-7573.58
-7257.11
-6970.51
-6713.23
-6487.12
-6294.77
-6135.5
-6002.53
-5883.99
-5767.19
-5643.55
-5510.79
-5371.3
-5227.64
-5077.63
-4911.94
-4715.52
-4472.78
-4173.6
-3817.37
-3411.91
-2967.84
-2492.02
-1984.65
-1442.56
-866.421
-265.938
341.584
939.533
1520.42
2087.64
2647.91
3199.81
3727.86
4207.87
4620.13
4959.92
5236.76
5463.15
5643.05
5770.56
5840.01
5857.04
5838.8
5801.3
5746.17
5661
5534.71
5373.42
5202.07
5051.52
4944.22
4888.18
4877.6
4894.7
4914.76
4917.9
4898.33
4857.22
4786.74
4667.03
4494.14
4304.3
4106.6
3878.33
3646.23
3371.2
1792.78
242.237
248.461
-20303.6
-19425.1
-18683.2
-18019.3
-17413.3
-16888.2
-16448.3
-16087.4
-15792.5
-15546.4
-15331
-15128.4
-14921.3
-14694.6
-14436
-14137.6
-13796.4
-13415.3
-13002.3
-12567.8
-12121.6
-11671.8
-11224.2
-10780.8
-10339.5
-9897.06
-9453.35
-9015.5
-8596.92
-8212.04
-7870.16
-7572.53
-7314.01
-7087.03
-6884.88
-6702.82
-6537.58
-6386.65
-6248.37
-6122.26
-6008.47
-5906.15
-5811
-5713.76
-5600.55
-5455.21
-5263.08
-5014.83
-4708.41
-4347.89
-3939.48
-3486.65
-2987.94
-2439.36
-1840.54
-1200.13
-535.8
132.595
792.547
1443.9
2093.98
2745.99
3389.24
3999.93
4552.81
5034.8
5449.37
5808.15
6117.68
6373.37
6566.06
6694.15
6768.72
6805.68
6812.33
6782.39
6705.88
6584.32
6435.36
6282.29
6140.96
6019.15
5926.47
5876.82
5872.97
5891.08
5894.12
5865.7
5814.26
5740.73
5632.74
5486.37
5307.4
5116.88
4933.54
4751.16
4601.1
2721.98
1732.76
1198.79
-19173.5
-18519
-17979.2
-17523.1
-17126.1
-16788.7
-16510.4
-16284.4
-16098.5
-15938
-15786.8
-15628.4
-15447.4
-15231.1
-14970.7
-14661.9
-14305.9
-13909.9
-13484.5
-13040.9
-12588.3
-12133.3
-11678.8
-11223.4
-10763.5
-10297.4
-9829.24
-9371.15
-8939.62
-8549.61
-8209.15
-7917.35
-7666.23
-7444.83
-7243.27
-7055.41
-6879.83
-6719.52
-6580.22
-6467.59
-6383.62
-6323.72
-6275.67
-6221.35
-6140.61
-6016.21
-5837.65
-5602.08
-5312.14
-4971.33
-4579.41
-4130.32
-3614.74
-3026.56
-2369.81
-1660.88
-923.44
-178.088
566.258
1312.75
2067.61
2827.9
3575.95
4285.44
4934.68
5516.16
6034.65
6496.38
6899.74
7236.3
7500.15
7695.57
7834.61
7926.73
7971.27
7961.18
7895.21
7786.7
7659.48
7534.2
7418.29
7309.12
7207.88
7129.51
7092.98
7096.3
7108.91
7102.29
7077.34
7037.57
6968
6867.38
6737.67
6595.85
6478.09
6398.44
6423.49
5174.2
5033.8
2720.02
)
;

boundaryField
{
    inlet
    {
        type            fixedFluxPressure;
        gradient        uniform 0;
        value           nonuniform List<scalar> 
50
(
-16033.3
-17346.7
-18566
-19280.2
-19316.2
-18682
-17484.1
-15887.3
-14038.9
-12047.2
-9983.58
-7875.24
-5742.13
-3633.01
-1599.5
317.057
2054.93
3550.39
4765.71
5685.44
6299
6599.2
6582.95
6246.53
5608.77
4722.35
3655.46
2472.74
1243.53
40.6411
-1097.76
-2188.55
-3300.01
-4525.31
-5925.24
-7500.37
-9212.58
-11010.3
-12843.2
-14664.9
-16420.6
-18041.8
-19458.3
-20608.6
-21434.9
-21869.6
-21836.1
-21291.8
-20303.6
-19173.5
)
;
    }
    outlet
    {
        type            fixedValue;
        value           uniform 0;
    }
    walls
    {
        type            zeroGradient;
    }
    frontAndBack
    {
        type            empty;
    }
}


// ************************************************************************* //
