/*--------------------------------*- C++ -*----------------------------------*\
| =========                 |                                                 |
| \\      /  F ield         | OpenFOAM: The Open Source CFD Toolbox           |
|  \\    /   O peration     | Version:  2406                                  |
|   \\  /    A nd           | Website:  www.openfoam.com                      |
|    \\/     M anipulation  |                                                 |
\*---------------------------------------------------------------------------*/
FoamFile
{
    version     2.0;
    format      ascii;
    arch        "LSB;label=32;scalar=64";
    class       volScalarField;
    location    "0.0004";
    object      p;
}
// * * * * * * * * * * * * * * * * * * * * * * * * * * * * * * * * * * * * * //

dimensions      [0 2 -2 0 0 0 0];

internalField   nonuniform List<scalar> 
5000
(
-52.0624
-49.7308
-47.4285
-45.2621
-43.2298
-41.3868
-39.7651
-38.4331
-37.3678
-36.5942
-35.9941
-35.4933
-35.072
-34.6299
-34.1476
-33.6727
-33.217
-32.8442
-32.6488
-32.6529
-32.8445
-33.2068
-33.6872
-34.2549
-34.96
-35.85
-36.8843
-37.9954
-39.1622
-40.3351
-41.3354
-41.9252
-41.9898
-41.6014
-40.8918
-39.9126
-38.6577
-37.191
-35.693
-34.3452
-33.1765
-32.0495
-30.8145
-29.4861
-28.2746
-27.4431
-27.1155
-27.1948
-27.4463
-27.6718
-27.8375
-28.075
-28.5699
-29.4307
-30.6243
-32.0115
-33.4447
-34.8638
-36.3302
-37.9845
-39.9565
-42.2818
-44.8785
-47.6017
-50.3438
-53.1134
-56.0325
-59.2471
-62.8116
-66.6415
-70.5761
-74.5095
-78.4727
-82.5829
-86.8958
-91.2923
-95.5172
-99.3458
-102.727
-105.773
-108.618
-111.318
-113.866
-116.287
-118.646
-120.983
-123.279
-125.499
-127.624
-129.596
-131.288
-132.557
-133.274
-133.348
-132.659
-131.074
-128.254
-114.823
-102.36
-52.6351
-56.5566
-53.3393
-50.4282
-47.7183
-45.1501
-42.8132
-40.8104
-39.215
-37.9449
-36.9811
-36.3087
-35.7445
-35.1965
-34.6916
-34.1798
-33.6131
-33.0913
-32.7323
-32.5194
-32.4368
-32.5739
-32.9476
-33.416
-33.8877
-34.4548
-35.2344
-36.2145
-37.3175
-38.4938
-39.663
-40.6349
-41.1898
-41.2385
-40.8519
-40.1377
-39.1402
-37.8881
-36.4966
-35.1595
-34.0087
-32.9977
-31.9505
-30.7473
-29.4748
-28.3982
-27.7786
-27.686
-27.9585
-28.3279
-28.6084
-28.8096
-29.1047
-29.6941
-30.6668
-31.9492
-33.3629
-34.7452
-36.0538
-37.3923
-38.9434
-40.8506
-43.1223
-45.6253
-48.1749
-50.6677
-53.1578
-55.8142
-58.7819
-62.0542
-65.468
-68.841
-72.1365
-75.5069
-79.1564
-83.1317
-87.2283
-91.1038
-94.494
-97.3371
-99.7162
-101.725
-103.414
-104.84
-106.102
-107.294
-108.45
-109.564
-110.618
-111.563
-112.276
-112.594
-112.356
-111.405
-109.674
-107.052
-103.19
-97.7376
-79.3765
-58.1549
-28.3991
-61.1106
-56.9157
-53.38
-50.1288
-47.0968
-44.4009
-42.1046
-40.2451
-38.8215
-37.7089
-36.8645
-36.2068
-35.5772
-34.9068
-34.238
-33.6103
-33.0567
-32.6353
-32.3624
-32.2447
-32.339
-32.6374
-33.0095
-33.3808
-33.8544
-34.57
-35.5356
-36.6579
-37.8427
-38.9862
-39.9185
-40.4484
-40.4782
-40.0416
-39.2318
-38.1321
-36.8312
-35.4665
-34.1923
-33.0776
-32.0461
-30.9505
-29.7317
-28.5214
-27.5859
-27.152
-27.2486
-27.6898
-28.2061
-28.624
-28.9658
-29.4102
-30.1533
-31.2693
-32.6622
-34.1326
-35.5118
-36.7762
-38.0664
-39.5982
-41.518
-43.8024
-46.2728
-48.7258
-51.0844
-53.454
-56.0285
-58.916
-62.0305
-65.1536
-68.1252
-70.9931
-73.9745
-77.247
-80.7575
-84.23
-87.3618
-90.0108
-92.2016
-93.9913
-95.3843
-96.3854
-97.0734
-97.5622
-97.9078
-98.1085
-98.1751
-98.1265
-97.9161
-97.4242
-96.4986
-94.9856
-92.7842
-89.8573
-86.054
-80.9449
-73.9528
-55.0588
-32.5307
-14.2907
-64.5145
-59.5761
-55.5219
-51.9116
-48.5238
-45.5574
-43.0762
-41.0621
-39.4698
-38.2436
-37.2728
-36.4433
-35.6637
-34.8697
-34.0536
-33.259
-32.5839
-32.1071
-31.7938
-31.6061
-31.5982
-31.7669
-31.9853
-32.2062
-32.5765
-33.2501
-34.2032
-35.3008
-36.4409
-37.5433
-38.4544
-38.9663
-38.9485
-38.4252
-37.517
-36.3465
-35.0165
-33.6437
-32.3518
-31.1997
-30.1313
-29.0305
-27.8583
-26.7469
-25.9543
-25.7009
-26.013
-26.6978
-27.469
-28.132
-28.6962
-29.3428
-30.2773
-31.5754
-33.1253
-34.7033
-36.1295
-37.3964
-38.6818
-40.2321
-42.1931
-44.5097
-46.9715
-49.3751
-51.6775
-54.0138
-56.5598
-59.3546
-62.248
-65.0304
-67.6345
-70.2108
-72.9845
-76.0153
-79.0921
-81.8745
-84.1423
-85.9064
-87.292
-88.3647
-89.1039
-89.5118
-89.6628
-89.6184
-89.3564
-88.8332
-88.0576
-87.0452
-85.7575
-84.1292
-82.0696
-79.4973
-76.4131
-72.7822
-68.4337
-62.8891
-55.4109
-37.6999
-17.6015
-6.23924
-66.3538
-61.0096
-56.6693
-52.7914
-49.2151
-46.1319
-43.5205
-41.4469
-39.7786
-38.456
-37.3761
-36.4184
-35.5071
-34.5767
-33.6157
-32.6635
-31.8225
-31.1978
-30.7767
-30.4993
-30.3637
-30.3429
-30.3549
-30.4156
-30.6834
-31.2772
-32.1481
-33.1719
-34.2629
-35.3332
-36.2059
-36.6611
-36.5753
-35.9842
-35.0117
-33.7785
-32.3921
-30.9818
-29.6815
-28.5482
-27.5132
-26.4516
-25.3327
-24.3153
-23.6863
-23.6757
-24.2883
-25.2863
-26.3409
-27.2419
-28.017
-28.881
-30.0593
-31.6125
-33.3858
-35.1137
-36.6079
-37.8945
-39.202
-40.8055
-42.8367
-45.2003
-47.6608
-50.0312
-52.3093
-54.6456
-57.1725
-59.8514
-62.4897
-64.9216
-67.1823
-69.4918
-72.0408
-74.7787
-77.415
-79.6362
-81.3178
-82.5318
-83.3876
-83.9205
-84.1323
-84.0662
-83.7771
-83.2541
-82.4373
-81.2993
-79.856
-78.1099
-76.0382
-73.6216
-70.8337
-67.6591
-64.1162
-60.1669
-55.6367
-49.9611
-42.4308
-26.3113
-8.73079
-1.52162
-66.4747
-61.0387
-56.6161
-52.7019
-49.0842
-45.9626
-43.3432
-41.2559
-39.5936
-38.2491
-37.1066
-36.04
-35
-33.9633
-32.9032
-31.8178
-30.8085
-30.0133
-29.4359
-28.9968
-28.6689
-28.4358
-28.2561
-28.1668
-28.3067
-28.7719
-29.523
-30.4588
-31.4937
-32.5166
-33.3353
-33.7339
-33.594
-32.9424
-31.8949
-30.5884
-29.1676
-27.7874
-26.5674
-25.5185
-24.5351
-23.5005
-22.4369
-21.5637
-21.1908
-21.5142
-22.4688
-23.7551
-25.0278
-26.1115
-27.092
-28.2225
-29.7173
-31.5801
-33.5886
-35.4441
-36.9821
-38.2915
-39.6562
-41.3578
-43.4838
-45.884
-48.3062
-50.5973
-52.8029
-55.081
-57.5164
-60.0142
-62.3837
-64.5348
-66.5853
-68.752
-71.1194
-73.52
-75.6553
-77.3308
-78.5574
-79.4376
-80.0114
-80.2549
-80.1813
-79.8532
-79.2806
-78.3902
-77.1247
-75.5008
-73.5507
-71.2951
-68.7541
-65.9284
-62.8384
-59.4775
-55.7919
-51.7432
-47.1115
-41.3086
-33.813
-19.2188
-3.83592
0.950165
-64.7822
-59.5409
-55.2743
-51.4622
-47.9361
-44.9226
-42.4247
-40.3919
-38.7956
-37.5013
-36.3662
-35.2683
-34.14
-32.9782
-31.8017
-30.6245
-29.5257
-28.6103
-27.8687
-27.2308
-26.6882
-26.2488
-25.8943
-25.6607
-25.6607
-25.975
-26.5852
-27.4217
-28.4035
-29.3933
-30.1701
-30.5065
-30.2873
-29.5528
-28.4444
-27.133
-25.7821
-24.5266
-23.432
-22.4613
-21.5098
-20.5192
-19.5883
-18.9735
-18.9527
-19.639
-20.8871
-22.3703
-23.7824
-25.0231
-26.2371
-27.6797
-29.5061
-31.6358
-33.7897
-35.6768
-37.1985
-38.522
-39.9653
-41.776
-43.9665
-46.3301
-48.6211
-50.7449
-52.7997
-54.9388
-57.1913
-59.4202
-61.4661
-63.3318
-65.2049
-67.2724
-69.5065
-71.6502
-73.4249
-74.7403
-75.6892
-76.3693
-76.7718
-76.8503
-76.6219
-76.1282
-75.3364
-74.1661
-72.6017
-70.6941
-68.4811
-66.0051
-63.3224
-60.4263
-57.3268
-53.9785
-50.2708
-46.1643
-41.3675
-35.4876
-28.1232
-14.9294
-1.43089
2.01498
-61.328
-56.5078
-52.5683
-49.0213
-45.7292
-42.927
-40.6117
-38.7488
-37.272
-36.0935
-35.0614
-34.0234
-32.8952
-31.6651
-30.391
-29.1371
-27.9806
-26.983
-26.1105
-25.3097
-24.5974
-23.9972
-23.4958
-23.1187
-22.9628
-23.1183
-23.6066
-24.3875
-25.3593
-26.3298
-27.0413
-27.2769
-26.9662
-26.1936
-25.124
-23.924
-22.7281
-21.6255
-20.6421
-19.7369
-18.8491
-17.989
-17.3008
-17.026
-17.3691
-18.3557
-19.7936
-21.3776
-22.8746
-24.2591
-25.7018
-27.4172
-29.4767
-31.7262
-33.8709
-35.6739
-37.1257
-38.4564
-39.9752
-41.852
-44.0078
-46.1981
-48.2186
-50.0596
-51.8766
-53.8116
-55.8387
-57.791
-59.5443
-61.1666
-62.8646
-64.7676
-66.774
-68.6265
-70.133
-71.2861
-72.1715
-72.8126
-73.1555
-73.1687
-72.8745
-72.2687
-71.2903
-69.9058
-68.1634
-66.137
-63.8751
-61.4183
-58.8204
-56.0723
-53.0994
-49.8412
-46.1677
-42.0187
-37.1849
-31.3611
-24.3084
-12.4314
-0.540348
2.22941
-56.1976
-52.0203
-48.5588
-45.4089
-42.4793
-39.9879
-37.9329
-36.3422
-35.0707
-34.0519
-33.1652
-32.239
-31.1896
-30.0064
-28.7459
-27.4754
-26.2696
-25.1882
-24.2187
-23.3323
-22.5388
-21.8358
-21.2026
-20.6804
-20.3908
-20.4525
-20.9068
-21.6991
-22.6758
-23.5987
-24.2161
-24.3679
-24.0437
-23.3484
-22.4235
-21.3951
-20.3627
-19.3966
-18.523
-17.7225
-16.9724
-16.3171
-15.903
-15.9298
-16.5333
-17.6833
-19.1805
-20.7667
-22.2799
-23.7432
-25.3205
-27.1664
-29.2786
-31.4643
-33.4556
-35.0949
-36.454
-37.7886
-39.3529
-41.2136
-43.2091
-45.0914
-46.7326
-48.2193
-49.7525
-51.4471
-53.2256
-54.9112
-56.426
-57.8823
-59.4605
-61.201
-62.9416
-64.4722
-65.7232
-66.7687
-67.6621
-68.3386
-68.701
-68.7309
-68.4467
-67.8042
-66.7391
-65.2782
-63.5119
-61.5081
-59.3347
-57.0276
-54.5756
-51.9989
-49.1677
-45.9863
-42.4573
-38.4032
-33.7403
-28.2135
-21.63
-10.9465
-0.434337
2.00755
-49.5511
-46.1813
-43.3314
-40.7086
-38.2604
-36.1817
-34.5023
-33.2475
-32.2972
-31.5211
-30.8002
-30.0187
-29.1073
-28.042
-26.8622
-25.626
-24.4131
-23.3043
-22.3153
-21.4203
-20.5958
-19.8151
-19.0815
-18.4853
-18.175
-18.263
-18.7629
-19.5837
-20.543
-21.4084
-21.9753
-22.1416
-21.9189
-21.3842
-20.6312
-19.7557
-18.858
-18.0234
-17.2888
-16.638
-16.0499
-15.5693
-15.332
-15.5084
-16.1958
-17.3397
-18.7511
-20.2161
-21.6253
-23.0285
-24.5721
-26.3601
-28.3422
-30.3191
-32.0704
-33.5148
-34.7769
-36.0975
-37.647
-39.3887
-41.1091
-42.5988
-43.8331
-44.9926
-46.2995
-47.8176
-49.4084
-50.8851
-52.209
-53.5183
-54.959
-56.5052
-57.9758
-59.225
-60.2747
-61.2322
-62.1159
-62.8202
-63.2428
-63.3628
-63.1648
-62.5773
-61.5601
-60.1869
-58.5589
-56.7134
-54.6995
-52.5799
-50.2935
-47.8027
-45.0936
-42.0542
-38.7029
-34.933
-30.6241
-25.5108
-19.448
-9.86532
-0.586911
1.64531
-41.6448
-39.2114
-37.0785
-35.0716
-33.2042
-31.6349
-30.4395
-29.5797
-28.9946
-28.5442
-28.0801
-27.5141
-26.7802
-25.8434
-24.7535
-23.5938
-22.457
-21.4183
-20.4856
-19.6236
-18.7993
-18.0021
-17.2809
-16.7564
-16.5585
-16.7526
-17.3185
-18.1595
-19.1108
-19.974
-20.5832
-20.8556
-20.7848
-20.4066
-19.7847
-19.0203
-18.2396
-17.5433
-16.9551
-16.4288
-15.9226
-15.4797
-15.2431
-15.381
-15.9748
-16.9557
-18.14
-19.3441
-20.4981
-21.6748
-23.0118
-24.5808
-26.3041
-27.9885
-29.4588
-30.6913
-31.8347
-33.0909
-34.5422
-36.0705
-37.4474
-38.5324
-39.4089
-40.3303
-41.5116
-42.9541
-44.4642
-45.8487
-47.0859
-48.3001
-49.5806
-50.8619
-52.0054
-52.9711
-53.8559
-54.753
-55.6267
-56.3638
-56.8939
-57.1879
-57.1735
-56.755
-55.9245
-54.767
-53.3653
-51.7612
-49.9627
-47.9965
-45.8795
-43.5162
-40.9009
-38.0768
-34.9889
-31.5548
-27.6113
-22.9024
-17.3553
-8.82337
-0.708226
1.30153
-32.6518
-31.3179
-30.0223
-28.7311
-27.5345
-26.5509
-25.8526
-25.4507
-25.277
-25.2125
-25.0912
-24.7855
-24.2378
-23.4492
-22.5016
-21.4928
-20.5056
-19.593
-18.7587
-17.9832
-17.2523
-16.5767
-16.0217
-15.6927
-15.6735
-15.9918
-16.6288
-17.5162
-18.5179
-19.4517
-20.1574
-20.5453
-20.5903
-20.3101
-19.7698
-19.091
-18.4172
-17.8375
-17.3356
-16.8248
-16.2502
-15.6749
-15.2716
-15.2208
-15.591
-16.2915
-17.1334
-17.9564
-18.7304
-19.5594
-20.5831
-21.8503
-23.2596
-24.6199
-25.7892
-26.7834
-27.76
-28.8788
-30.1517
-31.4126
-32.4526
-33.2123
-33.863
-34.6892
-35.8626
-37.312
-38.8069
-40.1697
-41.3989
-42.5882
-43.754
-44.7919
-45.6167
-46.2997
-47.0122
-47.8398
-48.7112
-49.5153
-50.2053
-50.7324
-50.9674
-50.7969
-50.2417
-49.3767
-48.2262
-46.8428
-45.2883
-43.5281
-41.5642
-39.3988
-37.0026
-34.421
-31.5853
-28.4135
-24.7327
-20.3531
-15.311
-7.80105
-0.779351
1.00285
-22.8724
-22.7311
-22.3697
-21.8741
-21.4078
-21.0749
-20.9164
-21.0254
-21.317
-21.6565
-21.8853
-21.8657
-21.5555
-20.9859
-20.2504
-19.4427
-18.6371
-17.8874
-17.2203
-16.6436
-16.1484
-15.7343
-15.4475
-15.3639
-15.5373
-15.9912
-16.7323
-17.7201
-18.8234
-19.848
-20.6245
-21.0639
-21.1478
-20.9026
-20.4044
-19.7824
-19.1703
-18.6234
-18.0821
-17.4345
-16.6379
-15.7951
-15.1161
-14.7889
-14.8579
-15.2017
-15.6246
-15.9949
-16.3313
-16.7745
-17.4672
-18.4305
-19.5322
-20.5754
-21.4434
-22.1844
-22.9625
-23.9052
-24.9769
-25.9936
-26.7843
-27.3648
-27.9634
-28.8557
-30.1469
-31.6949
-33.2467
-34.648
-35.9139
-37.1084
-38.1972
-39.0668
-39.6864
-40.1969
-40.7966
-41.5611
-42.4236
-43.3011
-44.1507
-44.8832
-45.3312
-45.3789
-45.0539
-44.427
-43.5095
-42.3265
-40.9634
-39.446
-37.7326
-35.8145
-33.6814
-31.3169
-28.6435
-25.5986
-22.0785
-18.0095
-13.4907
-6.94044
-0.871556
0.741078
-12.7143
-13.7774
-14.3522
-14.6665
-14.9793
-15.345
-15.8291
-16.4822
-17.2507
-18.0001
-18.5743
-18.8745
-18.8728
-18.5871
-18.0999
-17.5157
-16.9321
-16.4251
-16.0406
-15.788
-15.6351
-15.553
-15.5692
-15.7465
-16.1315
-16.7556
-17.6432
-18.7583
-19.954
-21.0187
-21.7853
-22.1869
-22.2298
-21.9541
-21.4361
-20.7922
-20.1305
-19.4728
-18.7343
-17.8048
-16.6738
-15.4885
-14.4853
-13.844
-13.575
-13.5272
-13.5076
-13.4239
-13.3469
-13.4489
-13.8642
-14.5759
-15.4148
-16.1774
-16.7731
-17.2848
-17.8886
-18.6936
-19.636
-20.5287
-21.2358
-21.8214
-22.5304
-23.6017
-25.0749
-26.7676
-28.438
-29.9632
-31.3549
-32.6255
-33.6939
-34.4656
-34.9846
-35.4454
-36.0301
-36.7734
-37.6152
-38.516
-39.4378
-40.2488
-40.7693
-40.9208
-40.732
-40.2278
-39.4374
-38.4342
-37.2762
-35.9775
-34.5061
-32.8168
-30.87
-28.603
-25.9736
-22.9911
-19.6476
-15.938
-11.9291
-6.22809
-0.948577
0.549002
-2.5354
-4.80043
-6.30199
-7.43205
-8.53689
-9.59274
-10.7281
-11.9379
-13.1908
-14.376
-15.3356
-15.9904
-16.3159
-16.3237
-16.1063
-15.7996
-15.5277
-15.3716
-15.3684
-15.5078
-15.7316
-15.9959
-16.3278
-16.788
-17.4146
-18.2331
-19.2653
-20.467
-21.6786
-22.6875
-23.3464
-23.6196
-23.5349
-23.1357
-22.4859
-21.6825
-20.813
-19.884
-18.8102
-17.5024
-15.9871
-14.4446
-13.1199
-12.1713
-11.5754
-11.1624
-10.7545
-10.3031
-9.92337
-9.80289
-10.0518
-10.6067
-11.2635
-11.8189
-12.215
-12.5738
-13.0889
-13.8588
-14.8012
-15.7289
-16.5278
-17.2807
-18.2155
-19.5155
-21.1644
-22.9712
-24.74
-26.4008
-27.9683
-29.403
-30.573
-31.3867
-31.9329
-32.4314
-33.0393
-33.7559
-34.5246
-35.3387
-36.173
-36.8846
-37.3043
-37.398
-37.2217
-36.7791
-36.0782
-35.2134
-34.2404
-33.1219
-31.7999
-30.2129
-28.3057
-26.0271
-23.4068
-20.5298
-17.4308
-14.0887
-10.5012
-5.52266
-0.914237
0.461923
7.30838
3.85465
1.41986
-0.518001
-2.37194
-4.09575
-5.81151
-7.56023
-9.30498
-10.9329
-12.3015
-13.3246
-13.9757
-14.2926
-14.4028
-14.4641
-14.5965
-14.8581
-15.2662
-15.798
-16.3889
-16.9973
-17.6535
-18.4061
-19.2686
-20.2454
-21.3492
-22.5349
-23.6489
-24.495
-24.9515
-25.005
-24.6916
-24.0486
-23.1284
-22.0185
-20.8026
-19.4907
-18.012
-16.3029
-14.4189
-12.5581
-10.9608
-9.76065
-8.90799
-8.22686
-7.5618
-6.9023
-6.39113
-6.21098
-6.43423
-6.95013
-7.52866
-7.97865
-8.2826
-8.60242
-9.14628
-9.99972
-11.06
-12.1331
-13.1127
-14.0814
-15.2382
-16.7165
-18.4675
-20.3173
-22.1271
-23.8758
-25.5802
-27.168
-28.4863
-29.452
-30.1583
-30.787
-31.4365
-32.0848
-32.7054
-33.3255
-33.9279
-34.389
-34.5968
-34.5625
-34.3388
-33.9186
-33.3057
-32.5684
-31.7214
-30.6852
-29.3846
-27.7727
-25.8143
-23.5087
-20.95
-18.2485
-15.4106
-12.3629
-9.08375
-4.72717
-0.726466
0.470077
16.3721
11.8097
8.49862
5.81132
3.27188
0.917854
-1.33877
-3.58397
-5.79129
-7.83943
-9.6005
-10.9917
-12
-12.6934
-13.2144
-13.7099
-14.2725
-14.9378
-15.7212
-16.6076
-17.5369
-18.4667
-19.4166
-20.4099
-21.4288
-22.4591
-23.5139
-24.5617
-25.4691
-26.0624
-26.2381
-25.9912
-25.3564
-24.367
-23.0756
-21.5756
-19.9594
-18.2481
-16.3858
-14.3288
-12.1508
-10.057
-8.27748
-6.92516
-5.93378
-5.12897
-4.37606
-3.68946
-3.2196
-3.12738
-3.4422
-4.014
-4.60203
-5.03944
-5.35117
-5.73131
-6.39162
-7.39706
-8.62124
-9.85993
-11.0055
-12.1284
-13.3929
-14.8956
-16.585
-18.3381
-20.0918
-21.8707
-23.6779
-25.3974
-26.8542
-27.976
-28.8547
-29.6204
-30.2981
-30.8382
-31.251
-31.6126
-31.9297
-32.1066
-32.0914
-31.9416
-31.6942
-31.3052
-30.7645
-30.1132
-29.3158
-28.2614
-26.8858
-25.1876
-23.1802
-20.9132
-18.4955
-15.9938
-13.3607
-10.521
-7.50742
-3.75819
-0.373669
0.554178
24.221
18.6957
14.6316
11.2852
8.11263
5.21444
2.45641
-0.231044
-2.84783
-5.29628
-7.44723
-9.23139
-10.6561
-11.7939
-12.7629
-13.6773
-14.6102
-15.6009
-16.6849
-17.8618
-19.0681
-20.2449
-21.3885
-22.4965
-23.533
-24.4813
-25.3664
-26.1772
-26.8021
-27.0856
-26.9334
-26.3402
-25.339
-23.9674
-22.2902
-20.4158
-18.4471
-16.4123
-14.2643
-11.9712
-9.61793
-7.41129
-5.57116
-4.1938
-3.20186
-2.42328
-1.73575
-1.16248
-0.844885
-0.914421
-1.36379
-2.0207
-2.65113
-3.11983
-3.48694
-3.962
-4.74431
-5.87127
-7.19589
-8.51123
-9.71398
-10.8638
-12.0939
-13.4712
-14.9523
-16.4712
-18.0415
-19.7352
-21.5527
-23.3482
-24.9228
-26.1895
-27.2089
-28.0551
-28.7075
-29.1181
-29.3347
-29.4665
-29.5402
-29.4926
-29.3166
-29.0921
-28.8387
-28.4795
-27.9786
-27.3473
-26.5204
-25.3878
-23.9275
-22.1955
-20.2383
-18.1009
-15.849
-13.4983
-11.0073
-8.3727
-5.68028
-2.60007
0.108809
0.70151
30.5274
24.2115
19.5291
15.6361
11.9244
8.57722
5.39532
2.31102
-0.693553
-3.54241
-6.10656
-8.32337
-10.1966
-11.7724
-13.1313
-14.3673
-15.5592
-16.7688
-18.055
-19.4227
-20.7934
-22.0848
-23.2717
-24.3396
-25.2529
-26.0055
-26.6376
-27.1548
-27.4631
-27.4209
-26.9396
-26.0131
-24.6756
-22.9751
-20.9936
-18.8528
-16.6604
-14.4441
-12.1586
-9.77993
-7.4006
-5.22687
-3.46693
-2.2001
-1.33663
-0.701668
-0.175386
0.221945
0.364999
0.148494
-0.397981
-1.09889
-1.74034
-2.21883
-2.61694
-3.14198
-3.96842
-5.10461
-6.3903
-7.62531
-8.71787
-9.72437
-10.7586
-11.8751
-13.051
-14.2721
-15.603
-17.132
-18.843
-20.5734
-22.1291
-23.4307
-24.5128
-25.3949
-26.0181
-26.3438
-26.4534
-26.4735
-26.4352
-26.2971
-26.0806
-25.8619
-25.6283
-25.2769
-24.7614
-24.0932
-23.2199
-22.0615
-20.6301
-18.9971
-17.1896
-15.2074
-13.0766
-10.8305
-8.50751
-6.16841
-3.87071
-1.48108
0.564317
0.857786
35.0752
28.1611
22.9982
18.6861
14.5826
10.8567
7.31316
3.85543
0.458215
-2.79191
-5.77416
-8.41826
-10.694
-12.6109
-14.2307
-15.655
-16.9841
-18.2989
-19.6669
-21.0885
-22.4721
-23.7216
-24.8038
-25.7054
-26.4003
-26.8941
-27.2369
-27.4454
-27.441
-27.0981
-26.3367
-25.1522
-23.5807
-21.6797
-19.5436
-17.3006
-15.0552
-12.8289
-10.5754
-8.27628
-6.02816
-4.03111
-2.47514
-1.41706
-0.75057
-0.294653
0.0710878
0.330528
0.370756
0.101987
-0.439575
-1.08957
-1.66002
-2.07284
-2.41806
-2.88604
-3.621
-4.6097
-5.69478
-6.69945
-7.5533
-8.3125
-9.07095
-9.8685
-10.6965
-11.5811
-12.6228
-13.9169
-15.4305
-16.9898
-18.4113
-19.6289
-20.6685
-21.5234
-22.1233
-22.4457
-22.5879
-22.6681
-22.697
-22.6262
-22.4785
-22.3188
-22.1194
-21.7796
-21.2695
-20.6219
-19.8079
-18.7622
-17.4887
-16.0288
-14.3756
-12.5113
-10.4829
-8.39249
-6.34256
-4.37678
-2.47856
-0.689314
0.828167
0.93377
37.7534
30.4644
24.9874
20.3864
16.0005
11.9568
8.0804
4.27026
0.507529
-3.10754
-6.45533
-9.44157
-11.9974
-14.112
-15.8526
-17.3414
-18.6939
-19.9945
-21.3082
-22.634
-23.8831
-24.9635
-25.844
-26.5146
-26.9554
-27.178
-27.2372
-27.159
-26.8834
-26.3059
-25.3578
-24.035
-22.3717
-20.4282
-18.3039
-16.1265
-13.9929
-11.9159
-9.84672
-7.76867
-5.77515
-4.04999
-2.75579
-1.92152
-1.42411
-1.08004
-0.774198
-0.526026
-0.445906
-0.620767
-1.021
-1.50248
-1.90351
-2.16227
-2.36185
-2.66389
-3.1801
-3.88481
-4.6404
-5.31096
-5.86174
-6.35731
-6.87406
-7.42948
-8.00656
-8.63537
-9.41687
-10.4365
-11.657
-12.9254
-14.0998
-15.1481
-16.101
-16.939
-17.585
-18.0166
-18.3146
-18.5608
-18.7361
-18.7862
-18.738
-18.6599
-18.5341
-18.2797
-17.8816
-17.3804
-16.7525
-15.9201
-14.8513
-13.5536
-12.0192
-10.2685
-8.40764
-6.58077
-4.86678
-3.23934
-1.65619
-0.308699
0.843528
0.873992
38.5495
31.1177
25.4986
20.7325
16.1188
11.8286
7.6769
3.58388
-0.455062
-4.34361
-7.94504
-11.1331
-13.8197
-15.9963
-17.7423
-19.1899
-20.4552
-21.6194
-22.75
-23.86
-24.8805
-25.7328
-26.3864
-26.8263
-27.0304
-27.0114
-26.8283
-26.5199
-26.0488
-25.3324
-24.312
-22.9789
-21.3596
-19.511
-17.532
-15.5463
-13.6417
-11.8224
-10.0357
-8.26072
-6.57793
-5.14419
-4.08768
-3.40978
-2.97813
-2.61848
-2.23306
-1.85487
-1.60011
-1.56019
-1.71797
-1.95178
-2.12268
-2.17632
-2.17906
-2.25887
-2.49901
-2.87352
-3.27873
-3.62972
-3.92924
-4.24546
-4.62859
-5.06203
-5.50426
-5.97009
-6.54526
-7.30231
-8.21131
-9.15863
-10.0584
-10.9184
-11.7777
-12.6077
-13.3235
-13.8906
-14.3599
-14.7743
-15.095
-15.2705
-15.3352
-15.3665
-15.3681
-15.2811
-15.0905
-14.8218
-14.4381
-13.8397
-12.9625
-11.806
-10.4026
-8.8308
-7.22366
-5.69503
-4.25221
-2.83065
-1.41674
-0.341383
0.586236
0.691577
37.4868
30.1341
24.522
19.6999
14.9533
10.5164
6.20146
1.94746
-2.24211
-6.27012
-9.97618
-13.2167
-15.9059
-18.0426
-19.7038
-21.0137
-22.0848
-23.0061
-23.865
-24.7029
-25.4764
-26.1155
-26.5792
-26.8361
-26.8554
-26.6498
-26.2862
-25.8197
-25.2358
-24.4716
-23.4733
-22.2233
-20.7357
-19.0601
-17.292
-15.5499
-13.9134
-12.3793
-10.8889
-9.41224
-8.00799
-6.79879
-5.87741
-5.22549
-4.71628
-4.20146
-3.61365
-3.00598
-2.50167
-2.19506
-2.07945
-2.0533
-1.99676
-1.85784
-1.68123
-1.55977
-1.5524
-1.64184
-1.76793
-1.90243
-2.08568
-2.38486
-2.81581
-3.31485
-3.79782
-4.24499
-4.71517
-5.27021
-5.90032
-6.54369
-7.17443
-7.83827
-8.58249
-9.37401
-10.1222
-10.7747
-11.3479
-11.8544
-12.2524
-12.5071
-12.6655
-12.8166
-12.9861
-13.1267
-13.1985
-13.1847
-13.0247
-12.6135
-11.8906
-10.883
-9.673
-8.36033
-7.03002
-5.71596
-4.39536
-3.04285
-1.66292
-0.721106
0.0931565
0.43707
34.6033
27.5354
22.0804
17.3221
12.613
8.17854
3.85102
-0.421468
-4.62562
-8.64062
-12.2962
-15.4576
-18.049
-20.0627
-21.5566
-22.642
-23.4387
-24.0616
-24.6307
-25.2163
-25.7921
-26.2849
-26.6324
-26.7804
-26.6874
-26.3686
-25.9007
-25.3546
-24.7355
-23.9949
-23.0803
-21.9627
-20.6418
-19.1583
-17.6031
-16.0894
-14.6904
-13.3969
-12.1443
-10.8894
-9.66464
-8.55756
-7.63204
-6.86447
-6.15211
-5.38834
-4.54388
-3.69035
-2.94977
-2.40962
-2.06602
-1.83369
-1.61116
-1.34968
-1.07428
-0.845654
-0.702085
-0.636735
-0.631436
-0.706919
-0.929941
-1.35661
-1.96261
-2.63557
-3.2485
-3.74765
-4.16892
-4.57304
-4.98111
-5.38533
-5.80789
-6.31296
-6.94084
-7.64792
-8.3373
-8.94279
-9.45892
-9.89404
-10.2348
-10.4817
-10.6945
-10.9602
-11.3071
-11.6766
-11.9833
-12.161
-12.1415
-11.8523
-11.2736
-10.464
-9.5138
-8.47982
-7.3627
-6.14159
-4.82897
-3.46994
-2.07266
-1.20214
-0.450705
0.159628
29.9781
23.3915
18.2584
13.729
9.22857
4.95278
0.764945
-3.37663
-7.43887
-11.2828
-14.7506
-17.7247
-20.1281
-21.9351
-23.1847
-23.9869
-24.4838
-24.8236
-25.154
-25.5606
-26.0198
-26.4466
-26.756
-26.8734
-26.7496
-26.4025
-25.9152
-25.3677
-24.7769
-24.1034
-23.2933
-22.3065
-21.1301
-19.7962
-18.3919
-17.0271
-15.7716
-14.6138
-13.4853
-12.3306
-11.1579
-10.0253
-8.97918
-8.00582
-7.04043
-6.02534
-4.96686
-3.94398
-3.06254
-2.38985
-1.9172
-1.57436
-1.28176
-0.999207
-0.736683
-0.525107
-0.381101
-0.303309
-0.304723
-0.441643
-0.795247
-1.40554
-2.21292
-3.06915
-3.82002
-4.39146
-4.80515
-5.12232
-5.38689
-5.62586
-5.88264
-6.21583
-6.64978
-7.13976
-7.60335
-7.98459
-8.28078
-8.51827
-8.72403
-8.92685
-9.17332
-9.51638
-9.96497
-10.4497
-10.8622
-11.1208
-11.1822
-11.0248
-10.6553
-10.1122
-9.42854
-8.59492
-7.57905
-6.3876
-5.08086
-3.71766
-2.33171
-1.55671
-0.836095
-0.0618138
23.7428
17.8321
13.1803
9.04786
4.89596
0.917891
-2.99041
-6.84386
-10.5904
-14.1097
-17.2705
-19.9591
-22.0849
-23.6079
-24.5643
-25.0768
-25.3119
-25.4413
-25.6227
-25.9399
-26.3628
-26.7959
-27.139
-27.3034
-27.2332
-26.9442
-26.5164
-26.0272
-25.496
-24.8881
-24.1504
-23.2366
-22.1259
-20.846
-19.482
-18.1436
-16.9014
-15.7463
-14.6112
-13.4339
-12.2052
-10.9628
-9.74641
-8.5617
-7.38635
-6.20788
-5.05605
-3.99989
-3.11144
-2.42506
-1.92237
-1.55147
-1.26335
-1.03666
-0.873837
-0.778004
-0.739131
-0.749949
-0.838588
-1.08066
-1.56193
-2.30845
-3.24067
-4.19791
-5.02167
-5.63223
-6.04022
-6.2993
-6.45885
-6.55775
-6.63944
-6.74618
-6.89159
-7.04899
-7.17447
-7.24108
-7.2571
-7.26381
-7.31515
-7.44827
-7.6749
-7.99868
-8.41193
-8.8639
-9.26916
-9.56571
-9.73844
-9.78519
-9.68668
-9.408
-8.91024
-8.16605
-7.1925
-6.06484
-4.85293
-3.56889
-2.25614
-1.64676
-1.00714
-0.166369
16.1227
11.0428
7.0079
3.38935
-0.28805
-3.81991
-7.28678
-10.6803
-13.95
-17.0127
-19.7563
-22.0618
-23.8304
-25.0259
-25.6952
-25.9717
-26.0308
-26.0478
-26.1743
-26.4845
-26.9444
-27.4562
-27.9119
-28.2106
-28.2842
-28.1347
-27.8254
-27.4204
-26.9369
-26.348
-25.6094
-24.6795
-23.538
-22.212
-20.7864
-19.371
-18.0396
-16.791
-15.5666
-14.3055
-12.9892
-11.6426
-10.3037
-8.99866
-7.74252
-6.55649
-5.4775
-4.54672
-3.78684
-3.18941
-2.7239
-2.36174
-2.09459
-1.93093
-1.87313
-1.89712
-1.95928
-2.03242
-2.14382
-2.37598
-2.81666
-3.48939
-4.31934
-5.16503
-5.8924
-6.43291
-6.78698
-6.98824
-7.07243
-7.07144
-7.01507
-6.9236
-6.8015
-6.64565
-6.45558
-6.23323
-5.98939
-5.76515
-5.62819
-5.62276
-5.73806
-5.94648
-6.24252
-6.61492
-7.01729
-7.39898
-7.73273
-7.98741
-8.09536
-7.96968
-7.55905
-6.88457
-6.02657
-5.06828
-4.042
-2.94329
-1.7735
-1.38867
-1.00231
-0.17797
7.36301
3.22268
-0.100364
-3.11764
-6.19733
-9.14053
-12.0047
-14.7859
-17.4587
-19.961
-22.1871
-24.0246
-25.3904
-26.2662
-26.7055
-26.833
-26.8097
-26.7974
-26.9371
-27.2987
-27.8534
-28.5095
-29.1525
-29.6625
-29.9458
-29.9756
-29.7867
-29.4257
-28.912
-28.2385
-27.3852
-26.328
-25.0548
-23.5936
-22.0262
-20.4603
-18.9742
-17.5805
-16.2382
-14.8971
-13.5359
-12.1679
-10.8253
-9.54515
-8.36593
-7.32708
-6.45774
-5.75889
-5.19566
-4.71325
-4.27085
-3.86994
-3.55312
-3.36953
-3.32944
-3.38427
-3.45254
-3.47897
-3.48108
-3.54344
-3.7594
-4.16326
-4.70518
-5.28425
-5.80617
-6.21752
-6.50057
-6.65394
-6.6863
-6.61747
-6.46753
-6.24195
-5.93964
-5.57798
-5.1915
-4.79832
-4.39353
-3.99652
-3.67651
-3.49643
-3.4558
-3.52822
-3.72333
-4.06234
-4.51686
-5.01243
-5.46971
-5.81446
-5.96924
-5.87435
-5.5321
-5.0118
-4.38931
-3.67983
-2.86278
-1.96529
-0.981498
-0.867974
-0.790065
-0.103598
-2.24457
-5.35653
-7.90327
-10.2315
-12.5913
-14.8314
-16.9882
-19.0712
-21.0723
-22.9338
-24.5666
-25.8915
-26.8582
-27.4629
-27.7471
-27.8052
-27.7687
-27.7819
-27.9795
-28.436
-29.1338
-29.9866
-30.8666
-31.6228
-32.1231
-32.3022
-32.1641
-31.7438
-31.0775
-30.1945
-29.1136
-27.8373
-26.3637
-24.7182
-22.974
-21.233
-19.5795
-18.0468
-16.6202
-15.2671
-13.9644
-12.7074
-11.5092
-10.4001
-9.42491
-8.6277
-8.02269
-7.56967
-7.17919
-6.75489
-6.2511
-5.70567
-5.21972
-4.8913
-4.74586
-4.71424
-4.67852
-4.55397
-4.3469
-4.14472
-4.04972
-4.11208
-4.31197
-4.59183
-4.89602
-5.18036
-5.39996
-5.51109
-5.49587
-5.37368
-5.17313
-4.89831
-4.54149
-4.1257
-3.70207
-3.29052
-2.85761
-2.38611
-1.93806
-1.60643
-1.42963
-1.40287
-1.54308
-1.87531
-2.36217
-2.89336
-3.34516
-3.63416
-3.72974
-3.64758
-3.43648
-3.14071
-2.7609
-2.2619
-1.62229
-0.869882
-0.0606548
-0.277611
-0.456405
0.0201705
-12.2505
-14.2844
-16.0027
-17.5755
-19.1525
-20.6346
-22.0515
-23.4119
-24.7016
-25.8757
-26.8902
-27.7146
-28.3248
-28.7146
-28.8986
-28.9352
-28.9278
-29.0075
-29.3062
-29.9011
-30.7792
-31.8496
-32.9611
-33.9257
-34.5722
-34.802
-34.5983
-33.9998
-33.0741
-31.8989
-30.5372
-29.0182
-27.3466
-25.54
-23.6578
-21.7935
-20.0383
-18.4486
-17.0392
-15.7948
-14.6848
-13.6753
-12.7448
-11.9009
-11.1825
-10.634
-10.2594
-9.98841
-9.69001
-9.23599
-8.58018
-7.79712
-7.04582
-6.47434
-6.12677
-5.9187
-5.70047
-5.36251
-4.90406
-4.41862
-4.01815
-3.76467
-3.65969
-3.67887
-3.79781
-3.97962
-4.15533
-4.24592
-4.21782
-4.10379
-3.95211
-3.76394
-3.50453
-3.17109
-2.80819
-2.43651
-2.00966
-1.4892
-0.938265
-0.487054
-0.219547
-0.144498
-0.254672
-0.542843
-0.954196
-1.37516
-1.6937
-1.86442
-1.91488
-1.90005
-1.84727
-1.72319
-1.46167
-1.04408
-0.513345
0.112633
0.770215
0.228135
-0.218338
0.106384
-22.1619
-23.1243
-24.0041
-24.8223
-25.657
-26.4251
-27.1386
-27.7923
-28.3693
-28.8644
-29.2932
-29.6649
-29.964
-30.1699
-30.2731
-30.3064
-30.353
-30.5302
-30.9573
-31.6991
-32.7335
-33.9562
-35.1932
-36.2301
-36.8731
-37.0068
-36.6087
-35.732
-34.4811
-32.9812
-31.336
-29.5971
-27.773
-25.8704
-23.9316
-22.0368
-20.2788
-18.732
-17.4358
-16.3868
-15.5403
-14.8251
-14.1758
-13.5693
-13.036
-12.6274
-12.3532
-12.1353
-11.8218
-11.2658
-10.4222
-9.39506
-8.39072
-7.5996
-7.08308
-6.74576
-6.41403
-5.9612
-5.38467
-4.78369
-4.27095
-3.90157
-3.67309
-3.57121
-3.59151
-3.7093
-3.84855
-3.91515
-3.87642
-3.78945
-3.72642
-3.67863
-3.563
-3.32349
-2.9842
-2.58131
-2.09167
-1.488
-0.843871
-0.314869
-0.00901019
0.0775745
0.00432099
-0.173617
-0.400986
-0.611651
-0.758141
-0.844313
-0.907701
-0.9635
-0.971779
-0.862052
-0.593207
-0.185776
0.297803
0.797773
1.30657
0.560017
-0.149011
0.117575
-31.4972
-31.4487
-31.5543
-31.703
-31.8951
-32.0549
-32.1476
-32.1492
-32.0666
-31.9483
-31.8579
-31.8265
-31.8412
-31.8758
-31.9099
-31.96
-32.0856
-32.3749
-32.915
-33.7434
-34.8229
-36.0426
-37.2243
-38.1523
-38.6335
-38.5516
-37.8853
-36.7015
-35.1351
-33.35
-31.4838
-29.6078
-27.7328
-25.852
-23.9823
-22.1787
-20.5222
-19.0955
-17.9563
-17.1122
-16.5056
-16.0286
-15.5714
-15.0801
-14.5816
-14.148
-13.8185
-13.5359
-13.1515
-12.5094
-11.5594
-10.4146
-9.3049
-8.44542
-7.90848
-7.59244
-7.31011
-6.92733
-6.44435
-5.963
-5.5831
-5.32851
-5.16283
-5.0568
-5.01744
-5.04398
-5.0773
-5.03001
-4.88072
-4.71239
-4.62248
-4.59721
-4.50898
-4.24857
-3.82325
-3.30134
-2.70761
-2.03756
-1.35691
-0.806551
-0.483469
-0.361704
-0.34532
-0.359288
-0.376655
-0.397184
-0.430786
-0.489282
-0.563854
-0.603693
-0.536991
-0.332307
-0.0304709
0.323523
0.730978
1.13338
1.52377
0.649392
-0.204636
0.0745109
-39.8157
-38.8883
-38.3437
-37.9602
-37.6314
-37.2935
-36.8668
-36.318
-35.6865
-35.0587
-34.5252
-34.1346
-33.8907
-33.7785
-33.7746
-33.8728
-34.0917
-34.47
-35.0482
-35.835
-36.79
-37.8173
-38.7622
-39.4342
-39.6593
-39.3267
-38.4135
-36.9911
-35.2129
-33.2704
-31.3267
-29.4687
-27.7065
-26.0117
-24.363
-22.7748
-21.3027
-20.03
-19.0335
-18.3381
-17.8835
-17.5354
-17.1473
-16.6415
-16.0501
-15.4807
-15.0235
-14.6642
-14.2719
-13.6811
-12.8161
-11.7676
-10.7565
-10.0002
-9.57514
-9.37893
-9.22109
-8.96907
-8.63086
-8.31161
-8.09491
-7.96539
-7.84174
-7.67238
-7.48002
-7.30544
-7.12771
-6.87532
-6.52736
-6.17155
-5.91943
-5.76315
-5.5571
-5.1635
-4.58574
-3.9288
-3.26462
-2.59819
-1.95375
-1.41465
-1.04529
-0.819681
-0.659554
-0.517268
-0.40098
-0.338103
-0.334396
-0.360071
-0.358347
-0.274536
-0.0928536
0.154667
0.42081
0.689873
0.987607
1.3342
1.69886
0.664475
-0.246835
0.0523314
-46.8598
-45.2443
-44.1987
-43.4235
-42.7155
-42.0045
-41.1901
-40.2419
-39.2109
-38.1931
-37.2974
-36.6021
-36.1447
-35.9277
-35.9174
-36.0688
-36.3429
-36.7201
-37.1972
-37.7693
-38.4146
-39.0766
-39.6469
-39.9775
-39.9204
-39.3696
-38.2927
-36.7542
-34.9115
-32.9689
-31.104
-29.412
-27.8961
-26.4994
-25.153
-23.8206
-22.5259
-21.3516
-20.3994
-19.7239
-19.2785
-18.9198
-18.4791
-17.8638
-17.1167
-16.3857
-15.8181
-15.4498
-15.1702
-14.7961
-14.206
-13.4393
-12.6795
-12.1287
-11.8639
-11.7884
-11.7178
-11.5279
-11.2389
-10.9647
-10.7812
-10.643
-10.4307
-10.0747
-9.62079
-9.16431
-8.73519
-8.27694
-7.74728
-7.20587
-6.75819
-6.41177
-6.03469
-5.48885
-4.77867
-4.03012
-3.3435
-2.72125
-2.1372
-1.60921
-1.1728
-0.827942
-0.549815
-0.33076
-0.182132
-0.0997953
-0.04369
0.0458273
0.210749
0.440769
0.6734
0.854194
1.00749
1.19909
1.43073
1.72757
2.08935
0.909647
-0.15103
0.0810448
-52.5009
-50.3824
-48.9785
-47.9355
-46.9962
-46.0745
-45.0505
-43.8837
-42.6088
-41.3214
-40.1564
-39.2334
-38.6259
-38.3429
-38.3263
-38.4828
-38.7172
-38.9622
-39.1892
-39.3998
-39.6078
-39.8082
-39.9487
-39.9294
-39.63
-38.9453
-37.827
-36.3207
-34.5703
-32.7734
-31.1072
-29.6675
-28.4494
-27.3694
-26.3132
-25.195
-24.0082
-22.8377
-21.817
-21.0431
-20.5012
-20.0565
-19.53
-18.8146
-17.9534
-17.1195
-16.5049
-16.1894
-16.082
-15.98
-15.7086
-15.2415
-14.711
-14.2973
-14.0828
-13.9901
-13.8546
-13.5685
-13.1675
-12.779
-12.4826
-12.2184
-11.84
-11.2614
-10.5447
-9.83299
-9.20411
-8.61186
-7.97886
-7.31677
-6.71442
-6.20694
-5.70473
-5.0884
-4.35117
-3.60308
-2.94135
-2.36541
-1.82665
-1.3103
-0.841011
-0.443239
-0.126829
0.109752
0.28986
0.465404
0.692372
0.989215
1.3167
1.60306
1.79919
1.91548
2.01112
2.15192
2.3479
2.54338
2.7368
1.39084
0.0929717
0.165883
-56.6586
-54.1939
-52.553
-51.3667
-50.3475
-49.3974
-48.3538
-47.1361
-45.7544
-44.3141
-42.9839
-41.9189
-41.2123
-40.8649
-40.7927
-40.8663
-40.9556
-40.9684
-40.8673
-40.6686
-40.4222
-40.1722
-39.9214
-39.6192
-39.1724
-38.4747
-37.4545
-36.1244
-34.5958
-33.0421
-31.6297
-30.4556
-29.5162
-28.7139
-27.9015
-26.9542
-25.8406
-24.6512
-23.5542
-22.695
-22.0993
-21.6487
-21.153
-20.4781
-19.6425
-18.8157
-18.2111
-17.9435
-17.9451
-18.0049
-17.9043
-17.5563
-17.0435
-16.5298
-16.1157
-15.7595
-15.329
-14.7361
-14.0292
-13.3517
-12.8007
-12.3245
-11.767
-11.0235
-10.1491
-9.30421
-8.5934
-7.97552
-7.3405
-6.65295
-5.98535
-5.40855
-4.89106
-4.34019
-3.72078
-3.08857
-2.50714
-1.97845
-1.47147
-0.980861
-0.530188
-0.138031
0.200256
0.514376
0.855616
1.27306
1.77111
2.28692
2.71839
2.99491
3.13981
3.24809
3.37537
3.5021
3.6313
3.6987
3.64179
1.99769
0.400757
0.270462
-59.4314
-56.7764
-55.0155
-53.8232
-52.8807
-52.0593
-51.1391
-49.9917
-48.6136
-47.1276
-45.7245
-44.5729
-43.7684
-43.3047
-43.0918
-42.9938
-42.8717
-42.6241
-42.2083
-41.6469
-41.013
-40.3901
-39.8314
-39.3333
-38.8281
-38.2048
-37.362
-36.268
-34.9884
-33.6635
-32.4503
-31.4581
-30.7021
-30.0912
-29.4646
-28.6721
-27.6631
-26.5291
-25.462
-24.6438
-24.132
-23.8196
-23.4995
-22.9968
-22.284
-21.5011
-20.8638
-20.5169
-20.4304
-20.4116
-20.2283
-19.7556
-19.0411
-18.2404
-17.4784
-16.7526
-15.9599
-15.0192
-13.9744
-12.9741
-12.1404
-11.4525
-10.7674
-9.96433
-9.06979
-8.22859
-7.5517
-7.00631
-6.46727
-5.86341
-5.24534
-4.70545
-4.26319
-3.85585
-3.42312
-2.95998
-2.48664
-2.00945
-1.53117
-1.06949
-0.638307
-0.220893
0.226502
0.751907
1.3833
2.10255
2.83416
3.47546
3.95715
4.27872
4.48728
4.63492
4.75234
4.82999
4.83375
4.7509
4.55198
2.58176
0.69093
0.362886
-61.1154
-58.4161
-56.6547
-55.573
-54.8208
-54.2155
-53.487
-52.4787
-51.1827
-49.7262
-48.2966
-47.0589
-46.1114
-45.4618
-45.0418
-44.7352
-44.4093
-43.9535
-43.31
-42.4933
-41.5821
-40.6863
-39.901
-39.2631
-38.7264
-38.1748
-37.4785
-36.5622
-35.446
-34.2403
-33.1006
-32.1626
-31.4787
-30.9857
-30.5288
-29.9438
-29.157
-28.2402
-27.3773
-26.7553
-26.4436
-26.3408
-26.2262
-25.8875
-25.2464
-24.4029
-23.566
-22.9152
-22.4807
-22.1253
-21.6417
-20.8963
-19.9142
-18.8423
-17.8224
-16.8813
-15.9297
-14.869
-13.7063
-12.5667
-11.5846
-10.7795
-10.0416
-9.24754
-8.38917
-7.57929
-6.92863
-6.42993
-5.97544
-5.47977
-4.96241
-4.50344
-4.14228
-3.8427
-3.54317
-3.20854
-2.83146
-2.4175
-1.98451
-1.55143
-1.10642
-0.59641
0.0387225
0.82178
1.71709
2.63627
3.47161
4.15023
4.67383
5.09596
5.43948
5.65775
5.72901
5.7219
5.63169
5.41939
5.11214
2.93709
0.827086
0.376229
-62.0597
-59.4069
-57.7249
-56.7946
-56.2449
-55.8512
-55.313
-54.4617
-53.2767
-51.8667
-50.3987
-49.0379
-47.9
-47.0327
-46.4089
-45.9388
-45.4963
-44.954
-44.2263
-43.303
-42.2521
-41.193
-40.2484
-39.4877
-38.8864
-38.3336
-37.6857
-36.8387
-35.7791
-34.5965
-33.4533
-32.5202
-31.8979
-31.5637
-31.379
-31.1648
-30.8063
-30.321
-29.8437
-29.533
-29.4566
-29.5271
-29.5331
-29.2492
-28.562
-27.535
-26.369
-25.28
-24.3705
-23.5803
-22.7492
-21.748
-20.5787
-19.3676
-18.2592
-17.2971
-16.3947
-15.4212
-14.3246
-13.1801
-12.1177
-11.1989
-10.3645
-9.50724
-8.58996
-7.68585
-6.90076
-6.26889
-5.73578
-5.23537
-4.76117
-4.35269
-4.03128
-3.7719
-3.53173
-3.28233
-3.0105
-2.70988
-2.37897
-2.00719
-1.55295
-0.954103
-0.176769
0.746752
1.72719
2.66255
3.48629
4.18904
4.79414
5.31025
5.71291
5.96393
6.03976
5.97275
5.82464
5.55391
5.10877
2.87239
0.681103
0.258008
-62.6208
-60.0347
-58.4327
-57.608
-57.1816
-56.9193
-56.5109
-55.7763
-54.6673
-53.2629
-51.7141
-50.2008
-48.8728
-47.8238
-47.07
-46.5434
-46.1151
-45.6337
-44.9764
-44.094
-43.026
-41.8837
-40.803
-39.8807
-39.126
-38.4569
-37.7442
-36.8779
-35.8257
-34.6627
-33.5572
-32.7095
-32.2624
-32.2286
-32.4798
-32.8114
-33.047
-33.1223
-33.0957
-33.0826
-33.1535
-33.2611
-33.2429
-32.9009
-32.1147
-30.9197
-29.4975
-28.0798
-26.8216
-25.7278
-24.6815
-23.5552
-22.3187
-21.0622
-19.9166
-18.9357
-18.0421
-17.0851
-15.9623
-14.6988
-13.4153
-12.2159
-11.1072
-10.0191
-8.8979
-7.77041
-6.7188
-5.80779
-5.04772
-4.42035
-3.91619
-3.53364
-3.25527
-3.04723
-2.88312
-2.75273
-2.64378
-2.5275
-2.36319
-2.10239
-1.69018
-1.08767
-0.308362
0.575334
1.47123
2.31631
3.09469
3.81558
4.46986
5.00795
5.38677
5.63415
5.7799
5.752
5.54385
5.1945
4.64701
2.40126
0.25266
0.0242788
-63.1341
-60.5884
-59.0078
-58.1972
-57.7789
-57.5271
-57.1371
-56.4176
-55.2962
-53.8334
-52.1815
-50.537
-49.0854
-47.9556
-47.19
-46.7327
-46.4448
-46.1457
-45.6687
-44.9133
-43.8765
-42.6499
-41.378
-40.1922
-39.1549
-38.2424
-37.3698
-36.4442
-35.4257
-34.3714
-33.4379
-32.8273
-32.6949
-33.0663
-33.8123
-34.7
-35.4933
-36.0475
-36.3464
-36.4684
-36.5041
-36.4763
-36.3095
-35.8687
-35.0467
-33.8449
-32.3945
-30.8969
-29.5162
-28.2948
-27.1516
-25.9644
-24.6746
-23.3336
-22.0527
-20.8987
-19.8216
-18.6817
-17.3533
-15.8226
-14.1929
-12.6
-11.1158
-9.72343
-8.37174
-7.04375
-5.77665
-4.63304
-3.66731
-2.91336
-2.381
-2.04759
-1.86063
-1.76638
-1.74039
-1.78084
-1.87101
-1.95769
-1.96593
-1.82591
-1.49319
-0.967996
-0.302767
0.426298
1.16903
1.92041
2.68377
3.41898
4.04414
4.49614
4.78063
4.96047
5.09374
5.14715
4.99264
4.59805
4.05032
1.80104
-0.276541
-0.258207
-63.801
-61.2485
-59.62
-58.7238
-58.1874
-57.8
-57.2761
-56.4321
-55.1993
-53.638
-51.9108
-50.2214
-48.7676
-47.69
-47.0385
-46.7573
-46.6931
-46.6334
-46.3653
-45.735
-44.6953
-43.3186
-41.7635
-40.2096
-38.7938
-37.5738
-36.5294
-35.5975
-34.73
-33.9479
-33.3603
-33.1257
-33.3724
-34.1181
-35.237
-36.4933
-37.6269
-38.4461
-38.885
-38.9997
-38.9082
-38.7088
-38.419
-37.9708
-37.2646
-36.2477
-34.9658
-33.5471
-32.1294
-30.7783
-29.459
-28.0831
-26.594
-25.0229
-23.4685
-22.0131
-20.6461
-19.2601
-17.7289
-16.0026
-14.1451
-12.2848
-10.5283
-8.90793
-7.39698
-5.96168
-4.60227
-3.36055
-2.30297
-1.49282
-0.958525
-0.673205
-0.568152
-0.578454
-0.677723
-0.862092
-1.10251
-1.32382
-1.43321
-1.36384
-1.09866
-0.670695
-0.142441
0.433276
1.04397
1.70494
2.41016
3.09568
3.66234
4.04702
4.26183
4.3459
4.34079
4.33507
4.26995
3.96629
3.49346
1.29003
-0.75628
-0.538427
-64.6598
-62.0557
-60.3248
-59.2392
-58.4364
-57.7441
-56.9203
-55.8216
-54.4122
-52.7692
-51.0501
-49.4425
-48.1263
-47.2271
-46.7834
-46.7295
-46.8959
-47.0427
-46.919
-46.3323
-45.2077
-43.6114
-41.7252
-39.7849
-38.0097
-36.5449
-35.437
-34.6479
-34.1056
-33.7665
-33.6532
-33.8427
-34.413
-35.3769
-36.6421
-38.0209
-39.2845
-40.241
-40.7984
-40.9869
-40.9252
-40.7475
-40.5268
-40.237
-39.7757
-39.0343
-37.9697
-36.6306
-35.1217
-33.5359
-31.9057
-30.2091
-28.4226
-26.5717
-24.7349
-22.9927
-21.3628
-19.7787
-18.1331
-16.3532
-14.4494
-12.5014
-10.6022
-8.80819
-7.13011
-5.55935
-4.10023
-2.78666
-1.6768
-0.828294
-0.264755
0.0428118
0.157625
0.132865
-0.0120028
-0.264023
-0.570498
-0.834237
-0.961538
-0.912086
-0.704896
-0.385062
0.0154338
0.493137
1.05081
1.65656
2.23833
2.73786
3.15204
3.4894
3.71702
3.80101
3.7674
3.69557
3.64286
3.49499
3.10217
0.950806
-1.12745
-0.772561
-65.6505
-62.978
-61.0995
-59.7171
-58.4979
-57.3444
-56.0923
-54.6723
-53.0958
-51.4476
-49.8579
-48.47
-47.4143
-46.7772
-46.5701
-46.7093
-47.0151
-47.2388
-47.1186
-46.453
-45.1654
-43.3314
-41.1595
-38.9344
-36.9416
-35.3938
-34.3825
-33.8748
-33.757
-33.9048
-34.2413
-34.7579
-35.4918
-36.4765
-37.6935
-39.0493
-40.3895
-41.5461
-42.3978
-42.9136
-43.1537
-43.2249
-43.2103
-43.1139
-42.8537
-42.3097
-41.3957
-40.1101
-38.5345
-36.7857
-34.9566
-33.0879
-31.1826
-29.2433
-27.2964
-25.3813
-23.5181
-21.6842
-19.8251
-17.8927
-15.875
-13.8002
-11.716
-9.66904
-7.70017
-5.85132
-4.17017
-2.70658
-1.50306
-0.583009
0.0592069
0.456368
0.648104
0.657558
0.495875
0.199593
-0.142021
-0.414855
-0.54517
-0.53414
-0.426419
-0.249453
0.0159332
0.408873
0.929537
1.50085
1.99904
2.35068
2.59867
2.82946
3.04288
3.18443
3.27529
3.33188
3.35847
3.33075
3.01584
0.861706
-1.29391
-0.897269
-66.5985
-63.8697
-61.8024
-60.0424
-58.3139
-56.6267
-54.929
-53.232
-51.5881
-50.0665
-48.7462
-47.7009
-46.9877
-46.6339
-46.6145
-46.8315
-47.1125
-47.2312
-46.9551
-46.111
-44.6438
-42.6436
-40.3319
-38.0121
-35.9946
-34.5154
-33.677
-33.4369
-33.646
-34.1216
-34.7194
-35.3781
-36.1227
-37.0282
-38.162
-39.5289
-41.0432
-42.5458
-43.8581
-44.8489
-45.4786
-45.7956
-45.8866
-45.8113
-45.5619
-45.0718
-44.2654
-43.1149
-41.6666
-40.0222
-38.2888
-36.5322
-34.7592
-32.9348
-31.0153
-28.9751
-26.8157
-24.5585
-22.2348
-19.8741
-17.4969
-15.1098
-12.7128
-10.3201
-7.98169
-5.78526
-3.82875
-2.18237
-0.866947
0.138127
0.868189
1.34782
1.5815
1.5674
1.33054
0.950886
0.550463
0.234081
0.0344622
-0.0784123
-0.131942
-0.103805
0.0563877
0.368327
0.793022
1.25833
1.69673
2.05472
2.29987
2.46004
2.62438
2.83927
3.07391
3.32332
3.54754
3.60989
3.39218
1.17466
-1.16019
-0.861138
-67.1469
-64.4004
-62.136
-59.9865
-57.7701
-55.6186
-53.5941
-51.776
-50.2318
-48.9946
-48.0718
-47.4504
-47.102
-46.9871
-47.0461
-47.1846
-47.2664
-47.1248
-46.5944
-45.5589
-43.9943
-41.9916
-39.7505
-37.5418
-35.6437
-34.27
-33.516
-33.3455
-33.6207
-34.1633
-34.8223
-35.5257
-36.2981
-37.2356
-38.4463
-39.9786
-41.7696
-43.6428
-45.3602
-46.7077
-47.5721
-47.9698
-48.014
-47.8403
-47.5333
-47.0937
-46.4592
-45.5608
-44.3762
-42.9493
-41.3662
-39.7048
-37.9906
-36.1835
-34.2023
-31.9721
-29.4689
-26.7383
-23.8785
-20.9963
-18.1597
-15.377
-12.6201
-9.87966
-7.21054
-4.72887
-2.55819
-0.766553
0.654188
1.75362
2.56737
3.09005
3.29679
3.1921
2.84497
2.37817
1.91327
1.51274
1.17345
0.88108
0.666088
0.593155
0.694018
0.92842
1.22499
1.55125
1.92008
2.31862
2.66164
2.88178
3.06568
3.35316
3.70558
4.07357
4.44168
4.57935
4.42021
2.08376
-0.5117
-0.535135
-66.8505
-64.1793
-61.7894
-59.3554
-56.8124
-54.3976
-52.2652
-50.5323
-49.2545
-48.4171
-47.9478
-47.7438
-47.6973
-47.7132
-47.7151
-47.6359
-47.4044
-46.9398
-46.1637
-45.0223
-43.5108
-41.6913
-39.6974
-37.7166
-35.9539
-34.5839
-33.7124
-33.3586
-33.4634
-33.9195
-34.6151
-35.4769
-36.4958
-37.7205
-39.2164
-41.0056
-43.0174
-45.0798
-46.9614
-48.4502
-49.4301
-49.9173
-50.0358
-49.945
-49.7567
-49.4846
-49.0512
-48.343
-47.2819
-45.8705
-44.1883
-42.3428
-40.4059
-38.3737
-36.174
-33.715
-30.9487
-27.9086
-24.6994
-21.4448
-18.2281
-15.0678
-11.9469
-8.87337
-5.92224
-3.21808
-0.870497
1.08257
2.67222
3.94113
4.88892
5.47466
5.67345
5.53118
5.16414
4.70245
4.22658
3.7532
3.28177
2.85301
2.55215
2.44583
2.51949
2.69034
2.88746
3.10769
3.3853
3.72766
4.09636
4.43756
4.74092
5.08673
5.54168
6.01236
6.39166
6.59216
6.45506
3.90955
0.940045
0.23267
-65.446
-63.0156
-60.6633
-58.1598
-55.5576
-53.1548
-51.1549
-49.6806
-48.7603
-48.3288
-48.2466
-48.3422
-48.4537
-48.4598
-48.293
-47.9317
-47.3786
-46.6394
-45.7112
-44.5811
-43.2361
-41.6814
-39.9598
-38.1626
-36.425
-34.907
-33.7641
-33.1153
-33.0168
-33.4508
-34.3378
-35.5699
-37.0494
-38.715
-40.5399
-42.5038
-44.5581
-46.6037
-48.503
-50.1177
-51.3568
-52.2063
-52.7225
-52.9903
-53.069
-52.9551
-52.583
-51.8632
-50.7356
-49.2079
-47.3556
-45.2845
-43.0765
-40.7515
-38.2664
-35.5523
-32.5656
-29.3219
-25.8916
-22.3636
-18.8055
-15.2509
-11.7249
-8.28195
-5.02006
-2.04961
0.558631
2.79772
4.6943
6.25193
7.42762
8.17066
8.48775
8.46832
8.24185
7.90749
7.50208
7.0316
6.52738
6.06665
5.73795
5.58934
5.60937
5.74744
5.94502
6.15851
6.373
6.60736
6.89899
7.26208
7.65833
8.06861
8.57073
9.10852
9.52976
9.83522
9.77379
7.03084
3.68685
1.74251
-63.0694
-61.0827
-58.9575
-56.6309
-54.2503
-52.1144
-50.4249
-49.2875
-48.7002
-48.5603
-48.6944
-48.9043
-49.0156
-48.9132
-48.5552
-47.9621
-47.1896
-46.2964
-45.3164
-44.2442
-43.0402
-41.6547
-40.0627
-38.2975
-36.4687
-34.7574
-33.3848
-32.5596
-32.4208
-32.9966
-34.1991
-35.8581
-37.7803
-39.8076
-41.8521
-43.8928
-45.9435
-48.0078
-50.0489
-51.9838
-53.7052
-55.1155
-56.1536
-56.803
-57.0779
-57.0008
-56.5835
-55.8229
-54.71
-53.2452
-51.4467
-49.3469
-46.9802
-44.3688
-41.5194
-38.4306
-35.1067
-31.5682
-27.8509
-23.9972
-20.0498
-16.0562
-12.0824
-8.22043
-4.57535
-1.23394
1.76111
4.40571
6.69767
8.60315
10.0654
11.0546
11.6113
11.8367
11.8363
11.6734
11.3771
10.9855
10.566
10.189
9.89029
9.67698
9.56652
9.59498
9.76579
10.0106
10.2472
10.4741
10.7522
11.1109
11.5428
12.0318
12.5484
13.1118
13.6867
14.0955
14.2766
11.7258
8.80851
4.56214
-60.5489
-59.0592
-57.261
-55.2694
-53.2796
-51.5348
-50.2101
-49.3895
-49.0523
-49.0841
-49.3093
-49.5368
-49.6062
-49.4213
-48.9599
-48.2613
-47.3978
-46.439
-45.4203
-44.3266
-43.0994
-41.6671
-39.988
-38.0913
-36.1019
-34.2341
-32.752
-31.9039
-31.8521
-32.624
-34.1069
-36.0888
-38.3301
-40.638
-42.9142
-45.1575
-47.4254
-49.7729
-52.1969
-54.6128
-56.8698
-58.7966
-60.2566
-61.1863
-61.6024
-61.577
-61.1943
-60.5097
-59.5286
-58.2126
-56.5059
-54.3673
-51.7921
-48.8166
-45.5031
-41.9183
-38.1139
-34.1191
-29.9475
-25.6127
-21.1457
-16.6085
-12.0942
-7.71294
-3.568
0.266059
3.74943
6.86019
9.56777
11.8232
13.5818
14.8413
15.6576
16.1183
16.2999
16.2523
16.0241
15.6916
15.3484
15.0572
14.8174
14.5931
14.3809
14.2461
14.2712
14.4554
14.7063
14.974
15.3157
15.7597
16.2632
16.8368
17.4677
18.1462
18.844
19.4735
20.105
18.5826
17.572
9.30662
)
;

boundaryField
{
    inlet
    {
        type            fixedFluxPressure;
        gradient        uniform 0;
        value           nonuniform List<scalar> 
50
(
-52.0624
-56.5566
-61.1106
-64.5145
-66.3538
-66.4747
-64.7822
-61.328
-56.1976
-49.5511
-41.6448
-32.6518
-22.8724
-12.7143
-2.5354
7.30838
16.3721
24.221
30.5274
35.0752
37.7534
38.5495
37.4868
34.6033
29.9781
23.7428
16.1227
7.36301
-2.24457
-12.2505
-22.1619
-31.4972
-39.8157
-46.8598
-52.5009
-56.6586
-59.4314
-61.1154
-62.0597
-62.6208
-63.1341
-63.801
-64.6598
-65.6505
-66.5985
-67.1469
-66.8505
-65.446
-63.0694
-60.5489
)
;
    }
    outlet
    {
        type            fixedValue;
        value           uniform 0;
    }
    walls
    {
        type            zeroGradient;
    }
    frontAndBack
    {
        type            empty;
    }
}


// ************************************************************************* //
