/*--------------------------------*- C++ -*----------------------------------*\
| =========                 |                                                 |
| \\      /  F ield         | OpenFOAM: The Open Source CFD Toolbox           |
|  \\    /   O peration     | Version:  2406                                  |
|   \\  /    A nd           | Website:  www.openfoam.com                      |
|    \\/     M anipulation  |                                                 |
\*---------------------------------------------------------------------------*/
FoamFile
{
    version     2.0;
    format      ascii;
    arch        "LSB;label=32;scalar=64";
    class       volScalarField;
    location    "0.0002";
    object      p;
}
// * * * * * * * * * * * * * * * * * * * * * * * * * * * * * * * * * * * * * //

dimensions      [0 2 -2 0 0 0 0];

internalField   nonuniform List<scalar> 
5000
(
-0.128601
-0.12585
-0.121364
-0.116729
-0.112411
-0.108757
-0.105793
-0.103384
-0.101343
-0.0998016
-0.0987854
-0.0981308
-0.0979176
-0.0982235
-0.0988915
-0.0998119
-0.100894
-0.102014
-0.103118
-0.104139
-0.104987
-0.105725
-0.106461
-0.107125
-0.107568
-0.10776
-0.107649
-0.10699
-0.10555
-0.103471
-0.101173
-0.0989011
-0.096505
-0.0937501
-0.0907255
-0.0878013
-0.0851874
-0.0826499
-0.0797452
-0.0763318
-0.0728135
-0.0698567
-0.0678552
-0.0666365
-0.0656485
-0.0644291
-0.0629541
-0.0616133
-0.0608897
-0.0610239
-0.0619017
-0.0631926
-0.0645935
-0.0659933
-0.0674785
-0.0692217
-0.0713497
-0.0738653
-0.0766468
-0.0795099
-0.082298
-0.084972
-0.0876401
-0.0905015
-0.093722
-0.0973198
-0.101156
-0.105061
-0.109025
-0.113292
-0.118257
-0.124209
-0.131103
-0.138575
-0.146201
-0.153805
-0.161529
-0.169635
-0.178236
-0.187248
-0.196569
-0.206241
-0.216358
-0.226832
-0.237367
-0.247666
-0.257585
-0.267019
-0.275733
-0.283449
-0.290017
-0.295335
-0.29918
-0.301315
-0.301309
-0.29845
-0.29166
-0.260547
-0.229381
-0.116851
-0.141013
-0.135497
-0.129986
-0.124714
-0.119741
-0.115561
-0.112019
-0.108992
-0.106549
-0.104524
-0.102987
-0.101991
-0.101344
-0.101094
-0.10136
-0.101869
-0.102295
-0.102732
-0.103338
-0.103888
-0.104165
-0.104361
-0.10471
-0.105066
-0.105157
-0.104924
-0.104364
-0.103293
-0.101528
-0.0992118
-0.0967093
-0.0941978
-0.0915385
-0.0885984
-0.0855502
-0.0827221
-0.0801796
-0.0775796
-0.0745159
-0.0710023
-0.0675776
-0.0649072
-0.0632535
-0.0622929
-0.0614161
-0.0602233
-0.0588047
-0.0576266
-0.0571672
-0.0576054
-0.0587605
-0.0602705
-0.0618389
-0.0633825
-0.0650207
-0.0669557
-0.0693334
-0.0721554
-0.0752699
-0.0784439
-0.0814893
-0.0843752
-0.0872572
-0.0903788
-0.0938948
-0.0977434
-0.101686
-0.105516
-0.109288
-0.113361
-0.11818
-0.123936
-0.130396
-0.137075
-0.14363
-0.150117
-0.15686
-0.164069
-0.171608
-0.179154
-0.186557
-0.193953
-0.201499
-0.209105
-0.216493
-0.223478
-0.230016
-0.236003
-0.241186
-0.245343
-0.248342
-0.250034
-0.250217
-0.248577
-0.244397
-0.236592
-0.224023
-0.182333
-0.133263
-0.0645189
-0.153434
-0.145233
-0.138469
-0.132395
-0.126856
-0.122101
-0.118043
-0.114563
-0.111634
-0.109232
-0.107272
-0.105761
-0.104759
-0.104197
-0.103945
-0.103877
-0.103832
-0.103788
-0.103783
-0.103678
-0.10339
-0.103149
-0.103151
-0.103199
-0.102949
-0.102299
-0.101293
-0.0998523
-0.0978289
-0.0952806
-0.0924758
-0.0896159
-0.0866909
-0.0836546
-0.0806209
-0.0777692
-0.0750764
-0.0722565
-0.0690472
-0.0655593
-0.062301
-0.059819
-0.0582749
-0.057336
-0.0564607
-0.0553217
-0.0540306
-0.0530226
-0.0527359
-0.0533348
-0.0546509
-0.0563338
-0.0580776
-0.0597777
-0.0615488
-0.0636212
-0.0661859
-0.0692677
-0.0726919
-0.0761726
-0.0794832
-0.0826066
-0.0857498
-0.089189
-0.093043
-0.0971565
-0.101215
-0.105032
-0.108772
-0.11289
-0.117786
-0.123442
-0.129394
-0.135089
-0.140351
-0.145487
-0.15095
-0.15688
-0.163008
-0.16899
-0.174747
-0.180416
-0.186025
-0.191365
-0.196208
-0.200503
-0.204256
-0.207334
-0.209547
-0.210795
-0.210996
-0.210006
-0.20761
-0.203343
-0.196445
-0.185695
-0.169553
-0.127291
-0.0764491
-0.0335106
-0.162181
-0.152154
-0.144412
-0.137749
-0.131796
-0.126693
-0.122288
-0.118572
-0.115282
-0.112418
-0.110125
-0.10832
-0.106887
-0.10583
-0.105131
-0.104618
-0.104075
-0.103511
-0.102977
-0.102311
-0.101473
-0.100789
-0.100467
-0.100208
-0.0995925
-0.0985668
-0.0972735
-0.0956347
-0.0934024
-0.090557
-0.0874125
-0.0842904
-0.0812424
-0.0781598
-0.0750387
-0.072008
-0.0691096
-0.0661688
-0.0629728
-0.059579
-0.0563995
-0.053932
-0.0523732
-0.0514643
-0.0507017
-0.0497287
-0.048594
-0.0477007
-0.0475151
-0.0482607
-0.0497985
-0.0517421
-0.0537079
-0.0555349
-0.0573528
-0.0594706
-0.062161
-0.065468
-0.0691606
-0.0728692
-0.0763291
-0.0795607
-0.0828459
-0.0864967
-0.090585
-0.0948623
-0.0989626
-0.102742
-0.106457
-0.110578
-0.11538
-0.120652
-0.125844
-0.130532
-0.134767
-0.138959
-0.143411
-0.14803
-0.15249
-0.156642
-0.160617
-0.164533
-0.168239
-0.17146
-0.174089
-0.176167
-0.177642
-0.178345
-0.178181
-0.177149
-0.175235
-0.172329
-0.168153
-0.162243
-0.153884
-0.141819
-0.124695
-0.085964
-0.0417713
-0.0150684
-0.166348
-0.155346
-0.146922
-0.139945
-0.13374
-0.128482
-0.123921
-0.119959
-0.116494
-0.113446
-0.110859
-0.108768
-0.107081
-0.105675
-0.104529
-0.103585
-0.102654
-0.101671
-0.100658
-0.0995421
-0.0983648
-0.0974051
-0.0967686
-0.0961474
-0.0952164
-0.0939849
-0.0925513
-0.0907502
-0.0883054
-0.0852416
-0.0819221
-0.0786709
-0.0755061
-0.072295
-0.0690438
-0.0659105
-0.0629531
-0.059984
-0.0567619
-0.0533313
-0.0501244
-0.0476805
-0.0462248
-0.0454851
-0.0449075
-0.0440849
-0.0430595
-0.0422809
-0.0422792
-0.0433006
-0.0451554
-0.0473568
-0.0494382
-0.0512368
-0.0529688
-0.0550612
-0.057851
-0.061348
-0.0652166
-0.0689988
-0.0724297
-0.0756159
-0.0789347
-0.082716
-0.0869567
-0.0913137
-0.0954015
-0.0991448
-0.102858
-0.106945
-0.111484
-0.116102
-0.120301
-0.123936
-0.12734
-0.130951
-0.134833
-0.138616
-0.141928
-0.144762
-0.147344
-0.149725
-0.151685
-0.153037
-0.153829
-0.154131
-0.153837
-0.15282
-0.151071
-0.148606
-0.145438
-0.141441
-0.136284
-0.129626
-0.120721
-0.108382
-0.0917023
-0.0576914
-0.0202139
-0.00375039
-0.165672
-0.154387
-0.145861
-0.138802
-0.132571
-0.127317
-0.122762
-0.118769
-0.115215
-0.11207
-0.109407
-0.107195
-0.105316
-0.103699
-0.102354
-0.101168
-0.0998891
-0.098474
-0.0970574
-0.0956507
-0.0942632
-0.0930712
-0.0921421
-0.0912384
-0.0901102
-0.0887523
-0.0871978
-0.0852576
-0.0826841
-0.0795153
-0.0760852
-0.072695
-0.0693983
-0.0661276
-0.0629076
-0.0598357
-0.0568809
-0.0538235
-0.050481
-0.0470018
-0.0438872
-0.0416634
-0.0404759
-0.0399662
-0.0395429
-0.0388305
-0.0379439
-0.0373944
-0.0377155
-0.0390864
-0.0412111
-0.0435183
-0.045534
-0.0471767
-0.0487886
-0.0508865
-0.0538005
-0.0574409
-0.0613555
-0.0650449
-0.0683131
-0.0713923
-0.0747356
-0.0786327
-0.0829606
-0.0872889
-0.0912608
-0.094911
-0.0986117
-0.102674
-0.106987
-0.111076
-0.114559
-0.117526
-0.120448
-0.123665
-0.127033
-0.130109
-0.132624
-0.134663
-0.136373
-0.137667
-0.138352
-0.138412
-0.137977
-0.137061
-0.135549
-0.133404
-0.130677
-0.127375
-0.123495
-0.118893
-0.113271
-0.106269
-0.0971539
-0.0850878
-0.0691819
-0.0395542
-0.00779696
0.0025024
-0.160012
-0.149242
-0.141078
-0.134345
-0.128433
-0.123419
-0.119037
-0.115212
-0.11182
-0.108765
-0.106133
-0.103889
-0.101941
-0.100277
-0.0988787
-0.0975467
-0.0960016
-0.0942656
-0.0925543
-0.0909071
-0.0892977
-0.0878503
-0.0866354
-0.0854862
-0.0842116
-0.0827846
-0.0811682
-0.0791319
-0.076434
-0.0731323
-0.0695789
-0.0661123
-0.0628373
-0.0596974
-0.0566473
-0.0536726
-0.0506878
-0.0475362
-0.0441744
-0.0408551
-0.0380691
-0.0362295
-0.0353557
-0.0350385
-0.0347358
-0.0341732
-0.0335428
-0.033356
-0.0340681
-0.0357453
-0.0380058
-0.0402682
-0.0421349
-0.0436494
-0.0452554
-0.0474828
-0.050572
-0.054299
-0.0581298
-0.0616007
-0.0646483
-0.0676328
-0.0710273
-0.0750164
-0.0793378
-0.0835134
-0.0872724
-0.0907768
-0.0944236
-0.0984031
-0.102465
-0.106153
-0.109283
-0.11214
-0.115149
-0.118385
-0.121475
-0.124015
-0.125945
-0.127445
-0.128546
-0.129059
-0.128887
-0.128166
-0.127022
-0.12539
-0.123181
-0.120405
-0.11711
-0.113307
-0.108912
-0.103838
-0.0978577
-0.0905723
-0.0813571
-0.0695162
-0.0543879
-0.0283278
-0.0011949
0.00547708
-0.14969
-0.140142
-0.132872
-0.126845
-0.121559
-0.117098
-0.113205
-0.109771
-0.106712
-0.103932
-0.101493
-0.0993883
-0.0975476
-0.0959068
-0.0944012
-0.0928605
-0.0910915
-0.0891668
-0.0872816
-0.0854305
-0.0835582
-0.0817951
-0.0802783
-0.0789369
-0.0776066
-0.0761716
-0.0744755
-0.0722587
-0.0693568
-0.0659268
-0.0623693
-0.0590155
-0.0559324
-0.0530055
-0.050121
-0.0472242
-0.0442638
-0.0411878
-0.0380557
-0.0351367
-0.0328294
-0.0314107
-0.0308184
-0.0306695
-0.0305262
-0.0302152
-0.0299557
-0.0301979
-0.0312868
-0.0331937
-0.0355105
-0.0377148
-0.0395245
-0.0410927
-0.0428981
-0.0454003
-0.0487
-0.0524529
-0.05611
-0.0593163
-0.0621659
-0.0651068
-0.0685595
-0.0725579
-0.0767231
-0.0806041
-0.0840826
-0.0874551
-0.0910979
-0.0950426
-0.0989146
-0.102324
-0.105299
-0.108256
-0.111512
-0.114884
-0.117855
-0.120092
-0.121687
-0.122833
-0.123478
-0.123442
-0.122753
-0.121609
-0.120056
-0.117988
-0.115382
-0.112249
-0.108568
-0.104382
-0.0995639
-0.0940798
-0.0878292
-0.0802355
-0.0709758
-0.0593004
-0.0447679
-0.0215702
0.00172321
0.00636065
-0.13545
-0.12759
-0.121649
-0.116745
-0.112457
-0.108849
-0.10573
-0.102948
-0.100365
-0.0979616
-0.0958391
-0.0940078
-0.0923796
-0.0908018
-0.0891757
-0.08743
-0.0854957
-0.0834531
-0.0814085
-0.0793073
-0.0771377
-0.0751101
-0.0734247
-0.0720252
-0.0706829
-0.0691655
-0.0672565
-0.0647699
-0.0616925
-0.0582744
-0.0548856
-0.0517577
-0.0488797
-0.0461164
-0.0433704
-0.0406189
-0.0378554
-0.0350782
-0.0323697
-0.0299602
-0.0281556
-0.0271442
-0.0268413
-0.026921
-0.0270379
-0.0270777
-0.0272437
-0.0279056
-0.0293136
-0.0313891
-0.0337521
-0.0359767
-0.0378938
-0.0397171
-0.0418879
-0.0447399
-0.0482294
-0.0519418
-0.0553848
-0.0583551
-0.0610887
-0.0640591
-0.0675718
-0.0714963
-0.0753805
-0.0788633
-0.0820084
-0.0852269
-0.0888472
-0.0927624
-0.0965376
-0.0998783
-0.102943
-0.106129
-0.109555
-0.112864
-0.115575
-0.117534
-0.118914
-0.119821
-0.120135
-0.119768
-0.118861
-0.117564
-0.115817
-0.113501
-0.110638
-0.107259
-0.103266
-0.0986555
-0.0934663
-0.0875832
-0.0809561
-0.0731793
-0.0638051
-0.0522635
-0.0384102
-0.0177578
0.00230316
0.00596806
-0.118045
-0.112347
-0.108075
-0.104609
-0.101652
-0.0991542
-0.0969747
-0.0950358
-0.0931496
-0.0912798
-0.0895652
-0.0880045
-0.0865043
-0.08495
-0.0833031
-0.0815386
-0.079575
-0.0774212
-0.0751477
-0.0727782
-0.0704208
-0.0683222
-0.0666252
-0.0651941
-0.0637387
-0.0620021
-0.0598161
-0.0571183
-0.0540062
-0.050729
-0.0475494
-0.0445926
-0.0418322
-0.0391958
-0.0366502
-0.0341889
-0.0317883
-0.0294316
-0.027195
-0.0252909
-0.0239832
-0.0234155
-0.0234902
-0.0239137
-0.0243928
-0.0248411
-0.025438
-0.0264868
-0.0281731
-0.0304035
-0.0328528
-0.0351958
-0.0373504
-0.0395436
-0.0421346
-0.0453181
-0.0489366
-0.0525618
-0.0558042
-0.0586152
-0.0613293
-0.0643854
-0.0679437
-0.0717336
-0.0752897
-0.0783843
-0.0812464
-0.0843375
-0.0878892
-0.0916787
-0.0952902
-0.0985796
-0.101802
-0.105236
-0.108745
-0.111839
-0.114161
-0.115781
-0.116936
-0.117635
-0.117721
-0.117206
-0.116276
-0.114967
-0.113139
-0.110712
-0.107673
-0.104028
-0.0997612
-0.0947345
-0.0890657
-0.0828356
-0.0757858
-0.067752
-0.0583116
-0.0470731
-0.034137
-0.0158977
0.0014409
0.00486
-0.098432
-0.0951917
-0.0928526
-0.0910851
-0.0896554
-0.0884324
-0.0873176
-0.0862839
-0.0852031
-0.0839628
-0.0826863
-0.0814128
-0.0800798
-0.0786263
-0.0770598
-0.0753482
-0.0733678
-0.0711007
-0.0686627
-0.0661864
-0.0638364
-0.0617871
-0.060061
-0.0584772
-0.0567885
-0.0548087
-0.052438
-0.0496723
-0.0466234
-0.0434817
-0.0404207
-0.0375335
-0.0348537
-0.0323998
-0.0301708
-0.0281125
-0.0261318
-0.0241874
-0.022384
-0.0209666
-0.0201909
-0.0201538
-0.0207138
-0.0215712
-0.0224616
-0.0233266
-0.0243399
-0.0257656
-0.0277483
-0.0301917
-0.0328209
-0.0353887
-0.0378668
-0.0404665
-0.0434566
-0.0469137
-0.0506076
-0.0541364
-0.0572286
-0.0599695
-0.0627456
-0.0659181
-0.0694929
-0.0730915
-0.0762855
-0.079006
-0.0816273
-0.084617
-0.0880862
-0.09171
-0.0951099
-0.09827
-0.101493
-0.104934
-0.108286
-0.111032
-0.112963
-0.114286
-0.115223
-0.115716
-0.115633
-0.115068
-0.11417
-0.112838
-0.110877
-0.108293
-0.1051
-0.101188
-0.0965971
-0.0913427
-0.0853742
-0.0787811
-0.071429
-0.0632166
-0.0538392
-0.0431229
-0.0312862
-0.0151938
-5.40958e-05
0.00350203
-0.0776672
-0.0769605
-0.0766188
-0.0766118
-0.0768664
-0.0770921
-0.0772109
-0.0771207
-0.0767633
-0.0761129
-0.0752923
-0.0743727
-0.0733362
-0.0721171
-0.0706898
-0.069015
-0.0670102
-0.0647096
-0.0622705
-0.0598495
-0.0575725
-0.0555113
-0.0536272
-0.0517968
-0.0498866
-0.047774
-0.0453544
-0.0425983
-0.0395942
-0.036503
-0.0334776
-0.0306385
-0.0280903
-0.0259035
-0.0240515
-0.0223948
-0.0207751
-0.0191658
-0.0177442
-0.0168116
-0.0166079
-0.0171536
-0.0182316
-0.0195198
-0.0207877
-0.0220273
-0.0234349
-0.0252558
-0.0275987
-0.0303514
-0.0332645
-0.0361404
-0.0389837
-0.0419839
-0.0453313
-0.0490095
-0.0527437
-0.0561782
-0.0591594
-0.0618869
-0.0647698
-0.0680743
-0.0716597
-0.0750687
-0.0779311
-0.0803221
-0.0827159
-0.0855533
-0.0888468
-0.0922328
-0.0954065
-0.0984341
-0.10157
-0.104807
-0.107751
-0.109995
-0.111525
-0.112606
-0.113359
-0.113657
-0.113435
-0.112831
-0.111905
-0.110472
-0.10834
-0.105515
-0.102073
-0.0979885
-0.0932129
-0.08781
-0.0817712
-0.0750193
-0.0675263
-0.0592804
-0.0501534
-0.0401041
-0.0292827
-0.0148857
-0.00147574
0.00227443
-0.0565154
-0.0584516
-0.060153
-0.061931
-0.0639165
-0.065613
-0.066924
-0.0678029
-0.068194
-0.0681769
-0.0679079
-0.0674189
-0.0667057
-0.0657254
-0.0644505
-0.0628618
-0.0609327
-0.0587259
-0.056378
-0.0540122
-0.0517164
-0.049527
-0.0474291
-0.0453966
-0.0433798
-0.0412477
-0.0388292
-0.0360551
-0.033026
-0.0299298
-0.026938
-0.0241928
-0.0218268
-0.0199122
-0.0183746
-0.0170064
-0.0156262
-0.0142585
-0.0131667
-0.0126947
-0.0130388
-0.0141188
-0.0156324
-0.0172458
-0.0187881
-0.0203313
-0.0221125
-0.0243564
-0.0271146
-0.0302311
-0.0334576
-0.0366355
-0.0398033
-0.0431375
-0.0467633
-0.0505876
-0.0543089
-0.0576291
-0.0605108
-0.0632494
-0.0662541
-0.0696886
-0.0732877
-0.076554
-0.0791953
-0.0814039
-0.0836886
-0.0864077
-0.0894723
-0.0925281
-0.0953965
-0.0982418
-0.101257
-0.104274
-0.106828
-0.108633
-0.109839
-0.110724
-0.111299
-0.111396
-0.111032
-0.110359
-0.109314
-0.107649
-0.10528
-0.102244
-0.0985314
-0.0942027
-0.0893332
-0.0839237
-0.0779167
-0.071181
-0.0637512
-0.0556804
-0.0469413
-0.0375159
-0.0274734
-0.0144631
-0.00247566
0.00138543
-0.0356503
-0.0403336
-0.0441908
-0.0477707
-0.0513424
-0.0544052
-0.0568316
-0.0586901
-0.0599345
-0.0605982
-0.0608749
-0.0608314
-0.0604759
-0.0597755
-0.0587153
-0.0573049
-0.0555468
-0.0534839
-0.0512025
-0.048812
-0.0464208
-0.0440896
-0.041845
-0.0397199
-0.0376827
-0.0355496
-0.0330861
-0.0302252
-0.0271269
-0.0240286
-0.0211048
-0.0184776
-0.0162653
-0.0145274
-0.0131629
-0.0119387
-0.0106846
-0.00948453
-0.00866838
-0.00859284
-0.00938882
-0.0108725
-0.0126745
-0.0144786
-0.016202
-0.0180084
-0.0201664
-0.0228528
-0.0260321
-0.0294835
-0.0329555
-0.036334
-0.0397002
-0.0432267
-0.0469853
-0.0508234
-0.054432
-0.0575828
-0.0603491
-0.0630997
-0.0662197
-0.0697658
-0.0733707
-0.0765284
-0.0790347
-0.0811723
-0.0834436
-0.0861046
-0.0889776
-0.0917338
-0.0943068
-0.0969306
-0.0997514
-0.102514
-0.104761
-0.106313
-0.107376
-0.10816
-0.10858
-0.108485
-0.107961
-0.107167
-0.105978
-0.104121
-0.101548
-0.0983421
-0.094481
-0.0900037
-0.0850582
-0.0796732
-0.0737409
-0.0671385
-0.0599203
-0.0521491
-0.0438203
-0.0349045
-0.0254901
-0.0137944
-0.00304945
0.000843902
-0.0158115
-0.0231376
-0.0290824
-0.0343739
-0.0394041
-0.0437224
-0.0473069
-0.0501508
-0.0522439
-0.0535916
-0.0543815
-0.0547746
-0.0548355
-0.0545157
-0.0537702
-0.0526082
-0.051049
-0.0491178
-0.0468732
-0.0444459
-0.0419929
-0.0395987
-0.0372988
-0.035138
-0.0330744
-0.0308822
-0.0283053
-0.0253182
-0.0221515
-0.0190719
-0.0162223
-0.0136758
-0.0115292
-0.00984681
-0.00853513
-0.00736592
-0.00618853
-0.00512633
-0.0045407
-0.00477297
-0.00588561
-0.00761601
-0.00956613
-0.0114689
-0.0133367
-0.0154072
-0.0179465
-0.0210537
-0.0245914
-0.028277
-0.0318662
-0.0352984
-0.0387026
-0.0422543
-0.0459858
-0.0497055
-0.0531133
-0.0560501
-0.0586794
-0.0614143
-0.0646002
-0.0682006
-0.0717813
-0.0748532
-0.0772853
-0.0794002
-0.0816486
-0.0841903
-0.0868185
-0.0892908
-0.0916557
-0.0941605
-0.0968488
-0.0993849
-0.10137
-0.102745
-0.103731
-0.104422
-0.104661
-0.104363
-0.103695
-0.10278
-0.101455
-0.0995274
-0.096995
-0.0938706
-0.0900798
-0.0856562
-0.0807523
-0.0754179
-0.0695587
-0.0631186
-0.0561612
-0.0487051
-0.0407254
-0.0322302
-0.0233991
-0.0129617
-0.00331377
0.000543535
0.00253506
-0.00715646
-0.0149463
-0.0218415
-0.0283859
-0.0339229
-0.0385909
-0.0423304
-0.0451478
-0.0471609
-0.0485684
-0.049519
-0.0500757
-0.0501806
-0.0497781
-0.0488858
-0.047543
-0.0457693
-0.0436117
-0.0412256
-0.0388
-0.0364163
-0.0340945
-0.0318825
-0.0297433
-0.0274442
-0.0247383
-0.0216454
-0.0184427
-0.0153941
-0.0125919
-0.0100628
-0.00790004
-0.00619721
-0.00488835
-0.00375556
-0.0026527
-0.00171159
-0.00129413
-0.00171512
-0.00298641
-0.0048044
-0.0067783
-0.00870323
-0.0106712
-0.01296
-0.0158026
-0.0192086
-0.0229478
-0.0266956
-0.0302301
-0.0335504
-0.0368353
-0.0402685
-0.0438567
-0.0473834
-0.0505611
-0.0532846
-0.0557755
-0.0584598
-0.0616342
-0.0651915
-0.0686736
-0.0716387
-0.0740251
-0.0761622
-0.0784163
-0.0808456
-0.0832324
-0.0854385
-0.087631
-0.0900678
-0.0926974
-0.0951092
-0.0969401
-0.0982105
-0.0991362
-0.0997222
-0.099771
-0.0992671
-0.0984511
-0.0974321
-0.0960348
-0.0941373
-0.091794
-0.0889443
-0.0854096
-0.0811833
-0.0764168
-0.0711896
-0.0654669
-0.0592519
-0.0525772
-0.0454012
-0.0377173
-0.0296396
-0.0213877
-0.0120639
-0.00335462
0.000409993
0.019092
0.00732889
-0.00206848
-0.0103915
-0.0183614
-0.0251202
-0.0307426
-0.0353098
-0.0388584
-0.0415572
-0.0436446
-0.0452201
-0.0462975
-0.0468199
-0.0467595
-0.0461664
-0.0451007
-0.0435685
-0.0415957
-0.0393463
-0.0370204
-0.0346839
-0.0323445
-0.0300692
-0.0278497
-0.0254671
-0.0226863
-0.0195509
-0.0163514
-0.0133287
-0.0105303
-0.00795879
-0.00572613
-0.00396577
-0.00263667
-0.0015187
-0.000451167
0.000445299
0.000818385
0.000371841
-0.000881092
-0.00262619
-0.00449729
-0.00634518
-0.00831491
-0.0106941
-0.0136678
-0.0171634
-0.0208833
-0.0244869
-0.0277917
-0.0308607
-0.0339193
-0.0371586
-0.0405607
-0.0438847
-0.0468478
-0.0493792
-0.0517333
-0.0543313
-0.0574227
-0.0608532
-0.0641669
-0.0669806
-0.0692927
-0.07143
-0.073691
-0.0760699
-0.0783587
-0.0804877
-0.082662
-0.0850914
-0.0876456
-0.0899106
-0.0916042
-0.0928031
-0.0936783
-0.0941629
-0.0940754
-0.0934775
-0.0926313
-0.091608
-0.0902334
-0.0884353
-0.0862807
-0.0836639
-0.0803633
-0.0763634
-0.0718192
-0.0668163
-0.0613459
-0.0554237
-0.0490485
-0.042174
-0.0348584
-0.02727
-0.0195482
-0.011186
-0.00324949
0.000434502
0.0336544
0.0200486
0.0092177
-0.000341051
-0.00941529
-0.0172288
-0.0237549
-0.0291537
-0.0335328
-0.0369895
-0.0397133
-0.041809
-0.0433216
-0.0442372
-0.0445571
-0.0443418
-0.0436484
-0.0424538
-0.0407548
-0.0387179
-0.0365504
-0.034308
-0.031997
-0.0297119
-0.0274771
-0.025087
-0.0223079
-0.0191833
-0.0159959
-0.0129615
-0.0101025
-0.00742224
-0.00506272
-0.00319058
-0.00177467
-0.000579961
0.000575001
0.00158055
0.00208709
0.00180212
0.000743747
-0.000780216
-0.00243153
-0.00410187
-0.00596333
-0.00829145
-0.0112189
-0.0146081
-0.0181223
-0.021431
-0.0244035
-0.0271638
-0.0299745
-0.0330241
-0.0362636
-0.0394222
-0.0422109
-0.044575
-0.0467813
-0.0492356
-0.0521532
-0.0553651
-0.0584527
-0.0611044
-0.0633646
-0.0655337
-0.0678346
-0.0702126
-0.0724884
-0.0746563
-0.0769272
-0.0794259
-0.0819314
-0.0840395
-0.0855713
-0.0866821
-0.0875282
-0.0880056
-0.0879606
-0.0875021
-0.0868575
-0.0860093
-0.0847592
-0.0830746
-0.081043
-0.0785639
-0.0754357
-0.0716596
-0.0673844
-0.0626751
-0.0575135
-0.0519083
-0.0458559
-0.0393479
-0.0324766
-0.0253499
-0.0180019
-0.010465
-0.00315087
0.000536332
0.0460182
0.0308427
0.0188195
0.00822104
-0.00183012
-0.0105226
-0.017948
-0.0241609
-0.0292672
-0.0333668
-0.0365945
-0.0390875
-0.0409727
-0.0422942
-0.0430586
-0.0433023
-0.0430572
-0.0422697
-0.0409144
-0.0391614
-0.0372256
-0.0351558
-0.0329578
-0.0307465
-0.0285693
-0.0262282
-0.0234848
-0.020373
-0.017159
-0.0140401
-0.0110329
-0.00815872
-0.00559024
-0.0035136
-0.00189407
-0.000479618
0.0009232
0.00220387
0.00300549
0.0030305
0.0022928
0.00108765
-0.000271554
-0.0017023
-0.00338274
-0.00556224
-0.00832464
-0.0114889
-0.014708
-0.0176818
-0.0203338
-0.0228362
-0.0254685
-0.0284012
-0.0315496
-0.0346142
-0.0372991
-0.0395546
-0.0416407
-0.0439326
-0.0466131
-0.0495206
-0.052303
-0.0547441
-0.0569477
-0.0591971
-0.0616431
-0.0641696
-0.0665838
-0.0688858
-0.0712575
-0.0737618
-0.0761538
-0.0780943
-0.0795111
-0.0806128
-0.0815371
-0.0821611
-0.0823545
-0.0822332
-0.0819601
-0.0814284
-0.0804024
-0.0788562
-0.076891
-0.0744493
-0.0714028
-0.0678006
-0.0637888
-0.0593958
-0.0545618
-0.049268
-0.0435227
-0.0373527
-0.0308308
-0.0239929
-0.0168661
-0.0100084
-0.00321986
0.000526091
0.0557619
0.039356
0.0263997
0.0149806
0.00399881
-0.00549651
-0.0136904
-0.0205801
-0.0261936
-0.030689
-0.0342596
-0.0371003
-0.0393806
-0.0411533
-0.0424015
-0.0431329
-0.0433628
-0.0430192
-0.0420609
-0.0406552
-0.0390141
-0.0371757
-0.0351418
-0.033039
-0.0309307
-0.0286288
-0.0258959
-0.0227556
-0.0194536
-0.0161708
-0.0129282
-0.00977223
-0.00690126
-0.00450963
-0.00255479
-0.000777622
0.00100989
0.00268296
0.00387351
0.00428077
0.00391633
0.00306416
0.00201845
0.000848818
-0.00061385
-0.00258672
-0.00511619
-0.00800409
-0.010921
-0.0136119
-0.0160479
-0.0184265
-0.0210187
-0.0239607
-0.0271303
-0.030207
-0.0328932
-0.0351386
-0.0371822
-0.0393597
-0.0418277
-0.04445
-0.0469567
-0.0492265
-0.0514101
-0.0537652
-0.0563794
-0.05909
-0.0616912
-0.064166
-0.0666419
-0.0691202
-0.0713596
-0.073111
-0.0744097
-0.075508
-0.076532
-0.077357
-0.0778687
-0.0781521
-0.0782741
-0.0780421
-0.0771917
-0.0757002
-0.0736999
-0.0712171
-0.068221
-0.0647952
-0.0610495
-0.0569535
-0.0524029
-0.0473632
-0.0418639
-0.0359436
-0.0296314
-0.0229642
-0.0160496
-0.00977347
-0.00348246
0.000323226
0.0624666
0.045164
0.0314577
0.019348
0.00768493
-0.00245323
-0.0111187
-0.0183793
-0.0243136
-0.0290945
-0.0329714
-0.036178
-0.0388775
-0.0410996
-0.0428047
-0.0439916
-0.0446784
-0.0447835
-0.0442433
-0.0432059
-0.0418668
-0.0402515
-0.038361
-0.0363314
-0.0342419
-0.0319226
-0.0291477
-0.025932
-0.0224936
-0.0189907
-0.0154484
-0.0119381
-0.00867987
-0.00587284
-0.0034727
-0.00122982
0.00102029
0.00313027
0.00472524
0.0055119
0.00550851
0.00499354
0.00424819
0.00333809
0.00211023
0.00037638
-0.00189039
-0.00450142
-0.0071663
-0.00967841
-0.01204
-0.0144455
-0.0171326
-0.0201942
-0.0234786
-0.0266599
-0.0294476
-0.0317842
-0.0338718
-0.0359951
-0.0382898
-0.0406652
-0.0429527
-0.0451314
-0.0473898
-0.0499446
-0.0528054
-0.0557497
-0.0585433
-0.061144
-0.0636379
-0.0660031
-0.0680417
-0.0696057
-0.0708157
-0.0719396
-0.0730744
-0.0740742
-0.0748026
-0.0752865
-0.0755236
-0.075308
-0.0744171
-0.0728672
-0.070825
-0.0683731
-0.0655145
-0.062295
-0.058756
-0.054838
-0.0504544
-0.045599
-0.0403137
-0.0346146
-0.0284956
-0.0220242
-0.015351
-0.00962678
-0.00381884
8.82734e-05
0.0656148
0.0478194
0.0336664
0.021079
0.00908663
-0.00137412
-0.0102777
-0.0177095
-0.0238674
-0.0289455
-0.033168
-0.036739
-0.0397996
-0.0423801
-0.0444525
-0.0460263
-0.0471235
-0.0476449
-0.0474922
-0.0467782
-0.0456749
-0.0442025
-0.0423711
-0.0403302
-0.0381757
-0.0357624
-0.0328834
-0.0295438
-0.0259252
-0.022155
-0.0182612
-0.0143432
-0.0106457
-0.00737732
-0.00450124
-0.00178991
0.000889689
0.00337089
0.00528519
0.00636169
0.00663465
0.00637953
0.00586429
0.00515067
0.00410038
0.0025469
0.000468915
-0.0019691
-0.00452178
-0.00702193
-0.00948018
-0.0120613
-0.0149512
-0.0181979
-0.0216346
-0.0249523
-0.027883
-0.0303658
-0.0325598
-0.0346947
-0.0368861
-0.0390876
-0.0412191
-0.0433348
-0.0456364
-0.0482941
-0.0512574
-0.0542729
-0.0571024
-0.0596949
-0.0621135
-0.0643339
-0.0662078
-0.0676595
-0.0688396
-0.0699844
-0.0711446
-0.0721516
-0.0728472
-0.0732162
-0.0732454
-0.0727944
-0.0717301
-0.0701004
-0.0680615
-0.065691
-0.0629694
-0.0598793
-0.0564205
-0.0525689
-0.0483023
-0.0436343
-0.0385747
-0.0331012
-0.0272146
-0.0209913
-0.0145198
-0.00932585
-0.00401979
-1.1968e-05
0.0649857
0.0471248
0.032929
0.0203015
0.00825877
-0.00221509
-0.0112307
-0.018853
-0.0252463
-0.0306126
-0.0351248
-0.0389469
-0.0422281
-0.0450396
-0.0473855
-0.0492803
-0.0507296
-0.0516009
-0.0517531
-0.0512595
-0.0502705
-0.048812
-0.0469164
-0.0447515
-0.04243
-0.0398326
-0.0367733
-0.0332454
-0.0293898
-0.0253041
-0.0210259
-0.0166912
-0.0125754
-0.00889928
-0.00563613
-0.00258075
0.000375004
0.00306067
0.00513363
0.00636006
0.00679397
0.0067017
0.00632785
0.00572133
0.00475213
0.00327008
0.00125529
-0.00115224
-0.00374492
-0.00637917
-0.00905307
-0.0118826
-0.0149929
-0.0183927
-0.0219208
-0.02531
-0.0283358
-0.0309417
-0.0332437
-0.0354119
-0.0375371
-0.0396066
-0.0416068
-0.043637
-0.0458886
-0.0484846
-0.0513401
-0.0542084
-0.0568772
-0.0593004
-0.061522
-0.0635147
-0.0651662
-0.0664433
-0.0674943
-0.0685135
-0.0695231
-0.0703567
-0.0708488
-0.0709533
-0.0706634
-0.069918
-0.068661
-0.0669366
-0.0648537
-0.0624697
-0.0597608
-0.056692
-0.0532686
-0.0495176
-0.04545
-0.0410399
-0.0362323
-0.030991
-0.0253558
-0.0194087
-0.013187
-0.00856165
-0.00388097
-1.14483e-05
0.0607479
0.0433116
0.0294175
0.0171196
0.00521842
-0.00517781
-0.014224
-0.0219945
-0.0285693
-0.0341042
-0.0387344
-0.0426332
-0.0459977
-0.0489493
-0.0515057
-0.0536578
-0.0553739
-0.0564838
-0.0568109
-0.0563949
-0.0553698
-0.053777
-0.0516797
-0.0492673
-0.0466687
-0.0437916
-0.0404731
-0.0366971
-0.0325677
-0.0281597
-0.0235281
-0.0188491
-0.0144259
-0.0104859
-0.00700739
-0.00380125
-0.000773076
0.0019195
0.00397605
0.00520782
0.00568454
0.00565112
0.00531618
0.00470899
0.00370795
0.00218384
0.000124375
-0.00234775
-0.00505383
-0.00786264
-0.0107473
-0.013765
-0.0169778
-0.0203665
-0.0237984
-0.0270786
-0.0300515
-0.032679
-0.0350339
-0.0372162
-0.0392726
-0.0411971
-0.0430121
-0.0448364
-0.046844
-0.049129
-0.051611
-0.0540911
-0.0564085
-0.0585286
-0.0604719
-0.062197
-0.0636086
-0.0646855
-0.0655437
-0.0663264
-0.067046
-0.0675712
-0.0677572
-0.0675447
-0.0669371
-0.0659378
-0.0645348
-0.0627342
-0.0605773
-0.0581103
-0.055347
-0.0522885
-0.0489661
-0.0454232
-0.0416463
-0.0375424
-0.0330157
-0.028052
-0.022709
-0.0170774
-0.0112742
-0.00735814
-0.00336597
7.40676e-05
0.0529922
0.0364892
0.0232268
0.0113656
-0.00018359
-0.0104315
-0.0194025
-0.0271116
-0.0336479
-0.0391359
-0.0437006
-0.0475528
-0.0509285
-0.0539638
-0.0566566
-0.0589566
-0.0607951
-0.0619803
-0.0623195
-0.0618291
-0.0606275
-0.058771
-0.0563545
-0.053588
-0.0506171
-0.0473804
-0.0437459
-0.0396959
-0.0353055
-0.0306322
-0.0257485
-0.0208628
-0.0162939
-0.0122663
-0.0087581
-0.00559398
-0.00268739
-0.000173248
0.00169929
0.00278836
0.00317253
0.00306474
0.00263105
0.00188329
0.000718275
-0.000959136
-0.00314241
-0.00571968
-0.00853895
-0.0114809
-0.0144921
-0.0175685
-0.0207088
-0.0238728
-0.0269741
-0.0299126
-0.0326216
-0.0350917
-0.0373497
-0.039413
-0.0412651
-0.0428855
-0.0443143
-0.0456833
-0.0471622
-0.0488506
-0.0507163
-0.0526432
-0.0545338
-0.0563526
-0.0580718
-0.0596099
-0.0608618
-0.0617908
-0.0624615
-0.0629674
-0.0633363
-0.0635111
-0.0634029
-0.0629513
-0.0621524
-0.0610334
-0.0595911
-0.0577795
-0.0555804
-0.0530497
-0.0502698
-0.0472971
-0.0441684
-0.0408943
-0.037412
-0.0335951
-0.0293602
-0.0247272
-0.0197492
-0.014506
-0.0091843
-0.00604485
-0.00270241
0.000304024
0.0418514
0.0266003
0.014253
0.00296734
-0.00799656
-0.0178028
-0.0264264
-0.033811
-0.040066
-0.0453215
-0.0497149
-0.0534697
-0.0568083
-0.059839
-0.06253
-0.0648047
-0.0665802
-0.0676669
-0.0678743
-0.0671999
-0.0657393
-0.063553
-0.0607582
-0.0575811
-0.0541858
-0.0505496
-0.0465814
-0.0422721
-0.0376748
-0.0328308
-0.0278235
-0.0228799
-0.0183202
-0.0143574
-0.0109689
-0.00799307
-0.00534809
-0.00313855
-0.00155551
-0.000692683
-0.000467519
-0.000705694
-0.00128672
-0.00221306
-0.00356129
-0.00538285
-0.00764486
-0.0102434
-0.0130551
-0.0159775
-0.0189356
-0.0218663
-0.0247074
-0.0274036
-0.0299268
-0.0322887
-0.0345281
-0.036674
-0.0387084
-0.0405587
-0.042133
-0.043385
-0.0443656
-0.0452189
-0.0461168
-0.0471754
-0.0484212
-0.0498208
-0.0513266
-0.0528805
-0.0543883
-0.055725
-0.0567879
-0.057547
-0.0580395
-0.0583285
-0.0584696
-0.0584835
-0.0583251
-0.057897
-0.0571289
-0.0560202
-0.0545717
-0.0527345
-0.0504931
-0.0479507
-0.0452599
-0.0425003
-0.0396566
-0.0366642
-0.0334303
-0.0298592
-0.0259136
-0.0216215
-0.0170422
-0.0122649
-0.00736652
-0.00487516
-0.00222722
0.000518655
0.0273805
0.0136702
0.00243318
-0.00789284
-0.0179923
-0.0270026
-0.0349368
-0.0417749
-0.0475947
-0.0525231
-0.0566889
-0.0602772
-0.0634564
-0.0663048
-0.0687889
-0.0708398
-0.0723827
-0.0732413
-0.0732292
-0.072319
-0.0705724
-0.068043
-0.064862
-0.0612697
-0.0574525
-0.053435
-0.0491752
-0.0446778
-0.039975
-0.0350881
-0.0300999
-0.0252409
-0.0208215
-0.0170408
-0.0138786
-0.0111904
-0.00889571
-0.0070607
-0.00581031
-0.0051871
-0.00510685
-0.0054388
-0.0061122
-0.00714537
-0.00858711
-0.0104418
-0.0126468
-0.0151046
-0.0177239
-0.0204277
-0.0231301
-0.0257196
-0.0280792
-0.0301423
-0.0319413
-0.0336018
-0.0352699
-0.0370143
-0.0387715
-0.0403768
-0.0416615
-0.042555
-0.0431231
-0.0435277
-0.0439434
-0.044496
-0.0452551
-0.0462504
-0.0474642
-0.0488032
-0.0501073
-0.0512242
-0.0520862
-0.0527092
-0.0531314
-0.0533872
-0.0535332
-0.0536288
-0.0536373
-0.0533944
-0.052736
-0.0516268
-0.0501124
-0.0482166
-0.0459826
-0.0435532
-0.0410943
-0.0386447
-0.0361014
-0.0333353
-0.0302749
-0.0269047
-0.0232321
-0.0192533
-0.0150058
-0.0106162
-0.00608276
-0.00405856
-0.00195077
0.000582266
0.00970494
-0.00207011
-0.0119173
-0.0209087
-0.0297899
-0.0377542
-0.0448107
-0.0509667
-0.0562601
-0.0607893
-0.0646279
-0.0678911
-0.0707005
-0.0731394
-0.0752127
-0.0768831
-0.0780867
-0.078651
-0.0783824
-0.0772188
-0.0751833
-0.072321
-0.0687787
-0.0648135
-0.0606391
-0.0563296
-0.0518903
-0.0473355
-0.0426707
-0.0378876
-0.0330547
-0.0283923
-0.0241947
-0.0206503
-0.0177501
-0.0153725
-0.0134364
-0.0119625
-0.0110029
-0.0105472
-0.0105134
-0.0108212
-0.0114569
-0.0124605
-0.0138552
-0.0155963
-0.0175867
-0.0197335
-0.021984
-0.0243023
-0.026614
-0.0287772
-0.030628
-0.0320809
-0.0332101
-0.0342325
-0.0353833
-0.0367622
-0.0382619
-0.039635
-0.0406516
-0.0412357
-0.0414871
-0.0415955
-0.0417327
-0.042011
-0.04251
-0.0432926
-0.0443547
-0.0455673
-0.0467159
-0.0476401
-0.048332
-0.0488794
-0.0493319
-0.0496738
-0.0499141
-0.0501075
-0.0502223
-0.0500616
-0.049413
-0.0482456
-0.0466823
-0.0448377
-0.042785
-0.0406258
-0.0384548
-0.036246
-0.0338631
-0.0311972
-0.0282424
-0.0250392
-0.0215963
-0.0178751
-0.0138579
-0.00963311
-0.00533435
-0.00367757
-0.0017851
0.000547367
-0.0105805
-0.0201376
-0.0282177
-0.0357026
-0.0431234
-0.0498902
-0.0559993
-0.0613828
-0.0660527
-0.0700591
-0.0733974
-0.0761261
-0.0783582
-0.0802132
-0.0817463
-0.0829495
-0.0837585
-0.0839929
-0.0834466
-0.0820255
-0.0797191
-0.076568
-0.0727355
-0.0684939
-0.0640794
-0.0596073
-0.05512
-0.0506333
-0.0461226
-0.0415462
-0.0369502
-0.0325354
-0.0285739
-0.0252457
-0.0225578
-0.020413
-0.0187272
-0.0174713
-0.0166249
-0.0161315
-0.0159221
-0.0159787
-0.016355
-0.0171193
-0.0182714
-0.0197147
-0.0213134
-0.0229795
-0.02471
-0.0265352
-0.0284215
-0.0302199
-0.0317214
-0.0328
-0.0335317
-0.0341827
-0.0350498
-0.0362587
-0.0376732
-0.0389876
-0.0399344
-0.0404488
-0.040671
-0.0408102
-0.0410073
-0.0413161
-0.0417784
-0.0424597
-0.0433714
-0.0443779
-0.0452484
-0.0458458
-0.0462459
-0.0466266
-0.0470547
-0.0474421
-0.0477044
-0.0478578
-0.0478922
-0.0476427
-0.0469143
-0.0457056
-0.0441984
-0.0425477
-0.0407859
-0.0389043
-0.0369023
-0.0347446
-0.0323684
-0.0297595
-0.026955
-0.0239561
-0.0206971
-0.0171243
-0.0132462
-0.00910564
-0.00491159
-0.00354606
-0.00192533
0.00037662
-0.0328393
-0.0400425
-0.0461716
-0.0520603
-0.0579726
-0.063468
-0.0685245
-0.0730112
-0.0769137
-0.0802178
-0.082859
-0.084879
-0.0864069
-0.0875942
-0.0885244
-0.0891995
-0.0895506
-0.0893969
-0.0885341
-0.0868516
-0.0843153
-0.0809598
-0.0769512
-0.0725604
-0.0680314
-0.0635081
-0.0590625
-0.0547136
-0.0504147
-0.0460975
-0.0417833
-0.0376421
-0.0339134
-0.030762
-0.0282101
-0.0261865
-0.0246067
-0.0233988
-0.0224814
-0.0217649
-0.0212043
-0.0208505
-0.0208278
-0.0212345
-0.0220478
-0.0231191
-0.0242723
-0.0254266
-0.0266392
-0.0280262
-0.0296178
-0.0312694
-0.03272
-0.0337679
-0.0344397
-0.0350024
-0.0357888
-0.0369572
-0.0383719
-0.0397045
-0.0406757
-0.0412422
-0.0415816
-0.0419079
-0.0423049
-0.0427322
-0.0431611
-0.0436496
-0.0442477
-0.0448597
-0.045279
-0.0454049
-0.0453858
-0.0454786
-0.045767
-0.0460895
-0.0462553
-0.0462321
-0.0460506
-0.0456234
-0.0448043
-0.0436007
-0.0421891
-0.0407052
-0.0391216
-0.0373483
-0.0353542
-0.0331686
-0.0308363
-0.0283945
-0.0258299
-0.023043
-0.0198999
-0.0163413
-0.0124631
-0.00844418
-0.00440824
-0.00326018
-0.0021209
0.000160727
-0.056597
-0.0613575
-0.0656102
-0.0698192
-0.0741798
-0.0783265
-0.0821768
-0.0856153
-0.0885871
-0.0910206
-0.092829
-0.0940624
-0.0948546
-0.0953534
-0.0956394
-0.0957163
-0.0955234
-0.0949056
-0.0936858
-0.0917529
-0.0890508
-0.0855929
-0.0815238
-0.0770898
-0.0725283
-0.0680074
-0.0636322
-0.0594362
-0.055364
-0.0513252
-0.0473072
-0.0434316
-0.0398892
-0.0368254
-0.0342845
-0.0322353
-0.0306114
-0.0293162
-0.0282208
-0.0272073
-0.0262506
-0.0254612
-0.0250278
-0.0250809
-0.0255835
-0.0263428
-0.0271442
-0.0279086
-0.028748
-0.0298637
-0.0313562
-0.0330929
-0.0347515
-0.0360278
-0.0368559
-0.0374626
-0.0381981
-0.0392647
-0.0405608
-0.0417699
-0.0426206
-0.0430961
-0.0434093
-0.04378
-0.0442383
-0.0446497
-0.0449119
-0.0450824
-0.0452758
-0.0454702
-0.0454931
-0.0452435
-0.0448744
-0.0446668
-0.044716
-0.044824
-0.0447384
-0.0444079
-0.0439239
-0.0432918
-0.0424052
-0.0412302
-0.03987
-0.0384126
-0.0368218
-0.0350276
-0.0330475
-0.0309724
-0.0288654
-0.02669
-0.0243117
-0.0215794
-0.0184273
-0.0148715
-0.011014
-0.00714304
-0.00342563
-0.00258693
-0.00195524
4.80898e-05
-0.0813474
-0.0837131
-0.0861346
-0.088617
-0.0913024
-0.0939524
-0.096459
-0.098722
-0.100642
-0.10212
-0.10307
-0.10353
-0.103603
-0.103402
-0.102994
-0.102402
-0.101597
-0.100478
-0.0989066
-0.0967731
-0.0939854
-0.0905123
-0.0864527
-0.0820147
-0.0774282
-0.0728924
-0.0685564
-0.0644791
-0.0606028
-0.0568108
-0.053042
-0.0493527
-0.0458776
-0.0427485
-0.0400482
-0.0378068
-0.0359959
-0.0345092
-0.0331767
-0.0318484
-0.0305058
-0.0293059
-0.0284966
-0.0282476
-0.0285206
-0.0290854
-0.0296806
-0.0302061
-0.0308016
-0.0317381
-0.0331899
-0.0350531
-0.0369614
-0.0385074
-0.0395135
-0.0401414
-0.0407463
-0.0415863
-0.0426214
-0.04357
-0.044173
-0.0444262
-0.0445654
-0.0448203
-0.0451879
-0.0454609
-0.0454758
-0.0452944
-0.0451089
-0.0449874
-0.0447878
-0.0443606
-0.0437847
-0.0433065
-0.0430389
-0.0428132
-0.0423872
-0.0417218
-0.0409573
-0.0401651
-0.0392532
-0.0381177
-0.0367655
-0.0352509
-0.0335936
-0.0318148
-0.0299843
-0.0281626
-0.02631
-0.0242734
-0.0218713
-0.0190156
-0.0157743
-0.0122987
-0.00870379
-0.00514414
-0.00187255
-0.00162486
-0.00146813
0.000113109
-0.106666
-0.106801
-0.107299
-0.108015
-0.108919
-0.109937
-0.111012
-0.112015
-0.112828
-0.113353
-0.11348
-0.113195
-0.112539
-0.111595
-0.110442
-0.10914
-0.107719
-0.106127
-0.104259
-0.101987
-0.0991698
-0.0957172
-0.0916753
-0.0872153
-0.0825661
-0.077964
-0.0736048
-0.0695747
-0.0658151
-0.0621831
-0.0585669
-0.0549578
-0.0514405
-0.0481434
-0.0451984
-0.0427054
-0.0406816
-0.0390193
-0.0375141
-0.0359823
-0.0344017
-0.0329599
-0.031951
-0.0315783
-0.0318015
-0.0323485
-0.0328939
-0.0332883
-0.0336692
-0.0343624
-0.0356247
-0.037411
-0.0393461
-0.0409422
-0.0419121
-0.0423441
-0.0425966
-0.0429983
-0.0435948
-0.0441535
-0.0444164
-0.0443621
-0.0442248
-0.0442481
-0.0444273
-0.0445169
-0.0443025
-0.0438363
-0.0433678
-0.0430491
-0.042768
-0.042312
-0.041652
-0.0409776
-0.040442
-0.0399649
-0.039357
-0.0385717
-0.0377269
-0.0368945
-0.0359833
-0.0348555
-0.0334733
-0.0318996
-0.0302261
-0.0285394
-0.0268864
-0.0252122
-0.023355
-0.0211481
-0.0185382
-0.0155975
-0.0124317
-0.0091497
-0.00590593
-0.00279514
2.68722e-05
-0.000338874
-0.000803204
0.000312671
-0.132078
-0.130063
-0.128602
-0.127504
-0.126594
-0.125963
-0.125572
-0.125278
-0.124982
-0.124579
-0.123902
-0.12286
-0.121444
-0.119735
-0.117845
-0.115883
-0.113916
-0.111925
-0.109814
-0.10743
-0.104585
-0.101143
-0.0971048
-0.0926046
-0.0878641
-0.0831441
-0.0786764
-0.074575
-0.0707942
-0.0671846
-0.0636015
-0.0599838
-0.0563709
-0.0528859
-0.0497038
-0.0469913
-0.0448171
-0.0430866
-0.041573
-0.0400574
-0.0384921
-0.0370595
-0.0360661
-0.0357305
-0.0360109
-0.036602
-0.0371182
-0.0373487
-0.0374066
-0.0376537
-0.0384322
-0.0397854
-0.0413758
-0.0426789
-0.0433224
-0.0433236
-0.0430377
-0.0428606
-0.0429251
-0.0430431
-0.0429373
-0.0425392
-0.0420643
-0.0417876
-0.0417517
-0.0417213
-0.0414404
-0.0409122
-0.0403847
-0.0400572
-0.0398496
-0.0395087
-0.0389149
-0.0382088
-0.0375963
-0.0371055
-0.0366
-0.0359776
-0.0352526
-0.0344416
-0.0334733
-0.0322608
-0.03081
-0.0292177
-0.0275933
-0.0259901
-0.024364
-0.0225715
-0.0204528
-0.0179613
-0.0152089
-0.012365
-0.0094993
-0.00656496
-0.0036198
-0.000885449
0.00152751
0.000825649
-0.000160517
0.000534242
-0.156909
-0.152762
-0.14945
-0.146552
-0.143868
-0.141637
-0.139781
-0.138192
-0.136805
-0.135482
-0.133991
-0.132187
-0.130042
-0.127647
-0.125139
-0.122643
-0.120235
-0.117908
-0.115573
-0.113063
-0.110171
-0.106731
-0.102698
-0.0981534
-0.0932916
-0.0883789
-0.0836793
-0.0793504
-0.0753885
-0.071666
-0.0680224
-0.0643452
-0.0606185
-0.0569465
-0.0535375
-0.050626
-0.0483452
-0.0466294
-0.0452352
-0.0438907
-0.0424819
-0.0411382
-0.040145
-0.0397334
-0.039887
-0.0403078
-0.0405796
-0.0404337
-0.0399389
-0.0394691
-0.039449
-0.0400421
-0.0410072
-0.0418413
-0.0421196
-0.0417812
-0.0411438
-0.0406306
-0.0404326
-0.0403881
-0.0401812
-0.0396708
-0.0390346
-0.038587
-0.0384582
-0.0384712
-0.038346
-0.0380035
-0.0376298
-0.0374315
-0.0373732
-0.0372129
-0.0367847
-0.036185
-0.0356439
-0.0352662
-0.0349522
-0.0345373
-0.0339252
-0.0330815
-0.0319877
-0.0306607
-0.0291805
-0.027647
-0.026103
-0.0245
-0.0227227
-0.0206627
-0.0183073
-0.0157631
-0.0131583
-0.0105318
-0.0078673
-0.00515207
-0.00239589
0.000167078
0.00228404
0.00136506
0.000284799
0.000741714
-0.180645
-0.174512
-0.169495
-0.164909
-0.160541
-0.156737
-0.153424
-0.150567
-0.148106
-0.145867
-0.143586
-0.141094
-0.138353
-0.13544
-0.132469
-0.129549
-0.126752
-0.124083
-0.121481
-0.118796
-0.115819
-0.112358
-0.108308
-0.103685
-0.0986382
-0.0934353
-0.0883827
-0.0837041
-0.0794628
-0.0755694
-0.0718505
-0.0681358
-0.064344
-0.0605498
-0.0569865
-0.0539508
-0.0516377
-0.0500079
-0.0487909
-0.0476419
-0.0463525
-0.0449743
-0.0437648
-0.0429862
-0.0426906
-0.0426382
-0.0424214
-0.0417259
-0.0405596
-0.0392796
-0.0383752
-0.0381415
-0.0384727
-0.0389338
-0.0390714
-0.0387347
-0.0381597
-0.0377476
-0.0377153
-0.0379163
-0.0379902
-0.0377048
-0.0371698
-0.0367187
-0.0365795
-0.0366699
-0.036716
-0.0365528
-0.0362715
-0.036065
-0.035972
-0.0358328
-0.0354967
-0.0350132
-0.034572
-0.0342819
-0.0340602
-0.0337257
-0.0331451
-0.0322827
-0.0311767
-0.0299113
-0.0285794
-0.027219
-0.025775
-0.0241381
-0.022228
-0.0200588
-0.0177402
-0.0153978
-0.0130526
-0.0105927
-0.0079325
-0.00516813
-0.00244512
0.000115626
0.00228374
0.00137365
0.000385466
0.000810621
-0.20299
-0.195141
-0.188549
-0.182423
-0.176472
-0.171129
-0.166421
-0.162361
-0.158873
-0.15577
-0.1528
-0.149778
-0.146624
-0.143354
-0.14002
-0.136695
-0.133458
-0.130353
-0.127365
-0.124383
-0.121205
-0.117615
-0.113445
-0.108642
-0.103318
-0.0977486
-0.092288
-0.0872304
-0.0827105
-0.0786805
-0.0749577
-0.0713177
-0.0676133
-0.0638772
-0.0603415
-0.0573318
-0.0550767
-0.0535508
-0.0524619
-0.0514051
-0.0500903
-0.0484981
-0.046864
-0.0454971
-0.0445501
-0.043889
-0.0431605
-0.0420272
-0.0404201
-0.0386291
-0.0371472
-0.03636
-0.0362925
-0.0366024
-0.0368333
-0.0367434
-0.0364581
-0.0363173
-0.036546
-0.0370292
-0.0373954
-0.0373406
-0.0368935
-0.036374
-0.0360883
-0.0360604
-0.0360552
-0.0358426
-0.0354139
-0.0349367
-0.0345414
-0.0342054
-0.0338472
-0.0334716
-0.0331681
-0.0329777
-0.0328172
-0.0325453
-0.0320733
-0.0313998
-0.030576
-0.0296589
-0.0286702
-0.0275648
-0.0262499
-0.0246645
-0.0228474
-0.0209072
-0.0189161
-0.0168326
-0.014543
-0.0119916
-0.00922554
-0.00634972
-0.00355581
-0.000971161
0.00140839
0.000857189
0.000161735
0.000756207
-0.22352
-0.214168
-0.206159
-0.198626
-0.191211
-0.184482
-0.178549
-0.173426
-0.169031
-0.165201
-0.161704
-0.158321
-0.154896
-0.151348
-0.147659
-0.143876
-0.140093
-0.136409
-0.132864
-0.129388
-0.125804
-0.121884
-0.11742
-0.112313
-0.106649
-0.10071
-0.094878
-0.0895001
-0.0847727
-0.0806937
-0.0770837
-0.0736739
-0.0702432
-0.0667499
-0.0633743
-0.0604235
-0.0581388
-0.0565246
-0.055312
-0.0540896
-0.0525238
-0.050538
-0.0483409
-0.0462856
-0.0446409
-0.0434147
-0.0423493
-0.0411019
-0.0395
-0.0376949
-0.0360947
-0.0351063
-0.0348636
-0.0351388
-0.0355097
-0.0356634
-0.0356001
-0.0355724
-0.0358092
-0.0362644
-0.0366225
-0.0365622
-0.0360391
-0.0353223
-0.0347508
-0.0344444
-0.0342376
-0.0338783
-0.0332719
-0.0325367
-0.0318599
-0.0313453
-0.0309983
-0.0307995
-0.0307344
-0.0307567
-0.0307762
-0.0307115
-0.0305393
-0.0302772
-0.0299333
-0.0294799
-0.0288606
-0.028011
-0.0268959
-0.0255525
-0.0240782
-0.0225382
-0.0208787
-0.0189484
-0.0166285
-0.0139653
-0.0111185
-0.00815066
-0.00513142
-0.00228878
0.000307123
0.000143702
-0.000206914
0.000628059
-0.241741
-0.231025
-0.221797
-0.213035
-0.204388
-0.196564
-0.189664
-0.183691
-0.178585
-0.174216
-0.17035
-0.16671
-0.163055
-0.159213
-0.155111
-0.150781
-0.146333
-0.141907
-0.137598
-0.133393
-0.129165
-0.124711
-0.119819
-0.114366
-0.108406
-0.102199
-0.0961248
-0.0905589
-0.0857513
-0.0817471
-0.078374
-0.0753129
-0.0722472
-0.0690249
-0.0657372
-0.0626532
-0.0600402
-0.0579787
-0.0562884
-0.0546126
-0.0526126
-0.0501607
-0.0474199
-0.0447573
-0.0425359
-0.0409022
-0.0397035
-0.038598
-0.0372931
-0.0357553
-0.0342436
-0.0331331
-0.0326503
-0.0327104
-0.0329812
-0.0331279
-0.0330458
-0.0328933
-0.0328963
-0.0330995
-0.0332928
-0.0331852
-0.0326662
-0.0319081
-0.0312143
-0.0307595
-0.0304655
-0.0301137
-0.0295639
-0.0288682
-0.0282032
-0.02773
-0.0275168
-0.0275488
-0.0277599
-0.0280563
-0.0283506
-0.028602
-0.028815
-0.0289852
-0.0290568
-0.0289435
-0.0285844
-0.0279793
-0.0271865
-0.0262859
-0.0252992
-0.0241241
-0.0225925
-0.0206334
-0.0183334
-0.0158045
-0.013069
-0.0100952
-0.00687875
-0.00361811
-0.000673082
-0.000474736
-0.000451708
0.000558085
-0.257351
-0.24549
-0.235305
-0.225632
-0.216139
-0.20757
-0.199983
-0.193405
-0.187812
-0.183081
-0.178949
-0.175075
-0.171155
-0.166958
-0.162366
-0.157385
-0.15213
-0.146773
-0.141469
-0.136293
-0.131208
-0.126074
-0.120698
-0.114937
-0.108804
-0.102504
-0.0963807
-0.090811
-0.0860752
-0.0822486
-0.0791541
-0.0764183
-0.0736305
-0.070533
-0.0671357
-0.0636826
-0.0604895
-0.0577492
-0.0554165
-0.0532362
-0.0508939
-0.048208
-0.0452531
-0.0423398
-0.0398507
-0.0380207
-0.0367933
-0.0358528
-0.0348203
-0.0334918
-0.0319611
-0.03054
-0.0295317
-0.0290189
-0.0288206
-0.028649
-0.0283362
-0.0279443
-0.027669
-0.0276293
-0.027738
-0.027771
-0.0275659
-0.027158
-0.0267304
-0.0264346
-0.0262617
-0.0260766
-0.0257653
-0.025343
-0.0249368
-0.0246902
-0.0246849
-0.0249224
-0.0253439
-0.0258635
-0.0264109
-0.0269553
-0.0274821
-0.0279423
-0.0282452
-0.0283181
-0.0281663
-0.0278639
-0.0274876
-0.0270497
-0.0264548
-0.0255144
-0.0240697
-0.0221369
-0.0198912
-0.017452
-0.0147539
-0.0117321
-0.00842808
-0.00496969
-0.00169709
-0.00101024
-0.000563787
0.000572788
-0.270132
-0.257502
-0.24672
-0.236576
-0.226679
-0.217703
-0.209716
-0.202794
-0.196927
-0.191968
-0.187611
-0.183493
-0.179268
-0.174663
-0.169515
-0.163791
-0.1576
-0.151148
-0.14467
-0.138358
-0.132291
-0.12641
-0.120553
-0.114559
-0.108388
-0.102164
-0.0961602
-0.0907067
-0.0860704
-0.0823307
-0.0793122
-0.0766274
-0.0738315
-0.0706173
-0.0669467
-0.063046
-0.0592728
-0.0559275
-0.0531078
-0.050675
-0.0483461
-0.0458631
-0.0431534
-0.0403859
-0.0378822
-0.035922
-0.0345601
-0.0335731
-0.0325827
-0.0312824
-0.029623
-0.0278314
-0.0262502
-0.02511
-0.0243961
-0.0239037
-0.0234251
-0.0229118
-0.0224852
-0.0222978
-0.0223837
-0.022628
-0.0228664
-0.0230079
-0.0230672
-0.0230977
-0.0231135
-0.0230817
-0.0229799
-0.0228448
-0.0227613
-0.0228149
-0.0230557
-0.0234917
-0.0240955
-0.0248183
-0.0256083
-0.0264194
-0.0271949
-0.027852
-0.028314
-0.0285742
-0.0287107
-0.0288083
-0.0288573
-0.0287324
-0.0282646
-0.0273447
-0.0259789
-0.0242262
-0.0220918
-0.019556
-0.0166594
-0.0134634
-0.0100274
-0.00646937
-0.00292292
-0.00161269
-0.000597322
0.00066829
-0.279874
-0.266932
-0.255982
-0.245792
-0.235854
-0.226791
-0.218717
-0.211722
-0.205767
-0.200674
-0.196121
-0.191749
-0.187193
-0.182144
-0.176396
-0.169884
-0.162714
-0.155138
-0.147479
-0.140041
-0.133018
-0.12643
-0.120157
-0.114028
-0.107935
-0.101893
-0.0960531
-0.0906499
-0.0859049
-0.0819083
-0.0785395
-0.0754827
-0.072348
-0.0688409
-0.064894
-0.0606944
-0.0565949
-0.0529521
-0.0499641
-0.0475813
-0.0455345
-0.0434753
-0.0411624
-0.0385943
-0.036004
-0.0337103
-0.0319128
-0.0305594
-0.0293764
-0.0280451
-0.0264104
-0.0245823
-0.0228603
-0.021535
-0.0207054
-0.0202414
-0.0199068
-0.0195395
-0.0191486
-0.0188703
-0.0188385
-0.0190824
-0.0195158
-0.0200005
-0.0204173
-0.0207016
-0.0208474
-0.0208986
-0.0209355
-0.021046
-0.0212915
-0.0216944
-0.022255
-0.0229752
-0.0238574
-0.024885
-0.0260084
-0.0271471
-0.0282039
-0.0290928
-0.0297879
-0.0303498
-0.0308728
-0.0313721
-0.031724
-0.0317302
-0.0312498
-0.0302805
-0.028922
-0.0272232
-0.0250741
-0.0223591
-0.0191876
-0.0157393
-0.0120965
-0.00833855
-0.00446832
-0.00251767
-0.000763852
0.000726131
-0.286646
-0.273835
-0.263111
-0.253189
-0.243496
-0.234665
-0.22681
-0.219971
-0.214063
-0.208888
-0.204144
-0.199487
-0.194557
-0.189025
-0.182663
-0.175397
-0.167342
-0.158785
-0.150119
-0.141736
-0.133917
-0.126755
-0.120172
-0.113985
-0.108002
-0.102101
-0.096285
-0.090681
-0.0854827
-0.0808394
-0.076756
-0.0730646
-0.0694899
-0.065777
-0.0618155
-0.0577001
-0.0536961
-0.0501234
-0.0472026
-0.044935
-0.0430793
-0.0412517
-0.0391111
-0.0365346
-0.0336806
-0.0308963
-0.0285199
-0.026694
-0.0253036
-0.0240744
-0.0227658
-0.02133
-0.0199326
-0.0188238
-0.0181556
-0.0178744
-0.0177632
-0.0175937
-0.0172715
-0.0168778
-0.0165935
-0.0165711
-0.0168414
-0.0173045
-0.0177948
-0.0181763
-0.0184123
-0.0185767
-0.0188024
-0.0192013
-0.0198118
-0.0206108
-0.0215693
-0.0226925
-0.0240029
-0.0254877
-0.0270677
-0.0286183
-0.0300259
-0.0312436
-0.0323112
-0.0333139
-0.034284
-0.0351212
-0.035629
-0.0356527
-0.0351693
-0.0342346
-0.0328772
-0.0310689
-0.0287731
-0.0259695
-0.0226669
-0.0189463
-0.0149677
-0.0108271
-0.00654086
-0.00388365
-0.00127818
0.000619435
-0.290803
-0.278506
-0.268307
-0.258914
-0.249766
-0.241479
-0.234083
-0.227539
-0.221724
-0.216444
-0.211439
-0.206394
-0.200981
-0.194898
-0.18793
-0.180017
-0.171282
-0.162021
-0.152651
-0.143607
-0.135217
-0.127627
-0.120787
-0.114493
-0.108471
-0.102483
-0.0964193
-0.0903473
-0.0844777
-0.0790552
-0.0742367
-0.0700177
-0.0662408
-0.0626767
-0.059133
-0.0555441
-0.0519995
-0.0486966
-0.0458302
-0.0434682
-0.0414807
-0.0395742
-0.0374283
-0.034867
-0.031967
-0.0290312
-0.0264354
-0.0244333
-0.0230323
-0.0220135
-0.0210808
-0.0200432
-0.0189121
-0.0178573
-0.0170591
-0.0165688
-0.0162724
-0.0159779
-0.0155522
-0.01501
-0.0144968
-0.0141871
-0.014172
-0.0144094
-0.0147659
-0.0151135
-0.0154157
-0.0157428
-0.0162126
-0.0169084
-0.0178399
-0.0189761
-0.0203066
-0.0218617
-0.0236642
-0.0256641
-0.0277286
-0.0297078
-0.0315203
-0.0331866
-0.0347802
-0.0363342
-0.0377712
-0.0389188
-0.039614
-0.0398042
-0.0395208
-0.038752
-0.0374041
-0.0354363
-0.0329774
-0.0301594
-0.0268888
-0.0230704
-0.018814
-0.0142431
-0.00952445
-0.00596968
-0.00232863
0.000251219
-0.292559
-0.281134
-0.271728
-0.263155
-0.254877
-0.247383
-0.240581
-0.234368
-0.228607
-0.223127
-0.217721
-0.212136
-0.206118
-0.199439
-0.191937
-0.183573
-0.174458
-0.164861
-0.155166
-0.145781
-0.13703
-0.129071
-0.121867
-0.115217
-0.108829
-0.102432
-0.0958947
-0.0892843
-0.0828395
-0.0768722
-0.0716401
-0.0672484
-0.0636137
-0.0604989
-0.0576031
-0.0546768
-0.0516152
-0.0484895
-0.0454908
-0.0428094
-0.0405125
-0.0384932
-0.0365258
-0.0344002
-0.0320524
-0.0296126
-0.0273354
-0.0254545
-0.0240463
-0.0229882
-0.0220338
-0.0209597
-0.0196881
-0.0183092
-0.016998
-0.0158912
-0.0150105
-0.0142779
-0.0135975
-0.0129358
-0.0123413
-0.011899
-0.0116616
-0.0116125
-0.0116886
-0.0118389
-0.0120704
-0.0124438
-0.0130264
-0.0138479
-0.0149027
-0.016194
-0.0177644
-0.0196673
-0.0218942
-0.0243322
-0.0268096
-0.0292017
-0.0314983
-0.0337668
-0.0360412
-0.0382395
-0.0401836
-0.0417078
-0.042757
-0.0433723
-0.043559
-0.0431858
-0.0420776
-0.0402125
-0.0377546
-0.0348614
-0.0315176
-0.0276528
-0.0232712
-0.0184635
-0.013404
-0.00885552
-0.00405335
-0.000517601
-0.291853
-0.281737
-0.273474
-0.266049
-0.258896
-0.252307
-0.246111
-0.240183
-0.234393
-0.228607
-0.222681
-0.216466
-0.20982
-0.202618
-0.19477
-0.186251
-0.177134
-0.167611
-0.157965
-0.148506
-0.139492
-0.131071
-0.123248
-0.115899
-0.108822
-0.10183
-0.0948388
-0.0879194
-0.0812836
-0.0752132
-0.0699595
-0.0656486
-0.0622229
-0.0594411
-0.0569476
-0.0543939
-0.0515702
-0.0484848
-0.0453477
-0.0424585
-0.0400519
-0.0381801
-0.0366935
-0.0353243
-0.0338258
-0.0320877
-0.0301691
-0.0282371
-0.0264521
-0.0248737
-0.0234379
-0.0220154
-0.0205026
-0.0188849
-0.017236
-0.0156658
-0.0142608
-0.013056
-0.0120428
-0.0111939
-0.010481
-0.00987727
-0.00935718
-0.00890474
-0.00853015
-0.0082784
-0.00821525
-0.00839472
-0.00883485
-0.00952829
-0.0104849
-0.0117651
-0.0134585
-0.0156095
-0.0181518
-0.020923
-0.0237624
-0.02661
-0.0295087
-0.0325023
-0.0355305
-0.0384253
-0.0410037
-0.0431549
-0.0448475
-0.0460685
-0.0467642
-0.0468416
-0.0462277
-0.0448957
-0.0428252
-0.0400462
-0.0366964
-0.0328014
-0.0283418
-0.023472
-0.0181316
-0.0126139
-0.00662255
-0.00180845
-0.288751
-0.280498
-0.273803
-0.267793
-0.261866
-0.256179
-0.250549
-0.244851
-0.238982
-0.23285
-0.226397
-0.219598
-0.212443
-0.204916
-0.196991
-0.188638
-0.179858
-0.170714
-0.161331
-0.151875
-0.142526
-0.133449
-0.124758
-0.116502
-0.108663
-0.101189
-0.0940434
-0.0872448
-0.0808771
-0.0750759
-0.0699837
-0.0656901
-0.0621742
-0.0592782
-0.0567358
-0.0542548
-0.0516287
-0.0488229
-0.0459886
-0.04339
-0.0412721
-0.0397325
-0.0386609
-0.0377751
-0.0367384
-0.0353014
-0.0333982
-0.0311556
-0.0288128
-0.0266016
-0.024647
-0.0229352
-0.0213517
-0.0197588
-0.0180671
-0.0162721
-0.0144468
-0.012702
-0.0111335
-0.00977977
-0.00860863
-0.00754161
-0.00650666
-0.00548943
-0.00455042
-0.00379508
-0.00331678
-0.00315427
-0.00329781
-0.0037413
-0.00453615
-0.00579112
-0.00760305
-0.00997015
-0.0127699
-0.0158348
-0.0190637
-0.022462
-0.0260655
-0.0298239
-0.0335732
-0.0371327
-0.0404117
-0.0433839
-0.0459664
-0.047982
-0.0492776
-0.0498467
-0.0497737
-0.0490502
-0.0475405
-0.0452031
-0.0421892
-0.0385254
-0.0342085
-0.0294138
-0.0239393
-0.017489
-0.0103145
-0.00374721
-0.283615
-0.277791
-0.272982
-0.268469
-0.26373
-0.258899
-0.253818
-0.248369
-0.242473
-0.236099
-0.229281
-0.222111
-0.214694
-0.207099
-0.199332
-0.191332
-0.183002
-0.174257
-0.165062
-0.155467
-0.145623
-0.135769
-0.126187
-0.117127
-0.108755
-0.101124
-0.0941879
-0.0878379
-0.0819635
-0.076504
-0.0714759
-0.0669596
-0.0630478
-0.0597786
-0.0570906
-0.0548264
-0.0527888
-0.0508223
-0.0488756
-0.0470114
-0.045353
-0.0439961
-0.04293
-0.0420102
-0.0410014
-0.0396703
-0.0378856
-0.0356742
-0.0332047
-0.0307071
-0.0283677
-0.0262523
-0.0242904
-0.0223262
-0.0202065
-0.0178627
-0.0153454
-0.0127955
-0.0103705
-0.00816623
-0.00618224
-0.00434885
-0.00259784
-0.000926918
0.000586643
0.00183071
0.00272391
0.00324694
0.00341164
0.00319448
0.00250014
0.00120236
-0.000761999
-0.00333096
-0.00635496
-0.00970663
-0.0133566
-0.0173362
-0.0216238
-0.0260775
-0.0304918
-0.0347195
-0.038721
-0.0424784
-0.0458802
-0.0487235
-0.0508358
-0.0521724
-0.0527778
-0.0526568
-0.0517601
-0.0500694
-0.0476013
-0.0444619
-0.0406915
-0.0361106
-0.0307859
-0.0236842
-0.0153661
-0.00642167
-0.276833
-0.273987
-0.271164
-0.268061
-0.26443
-0.260426
-0.255921
-0.250814
-0.245056
-0.238678
-0.231795
-0.224574
-0.217181
-0.209715
-0.202173
-0.194446
-0.186355
-0.177718
-0.168415
-0.158469
-0.148069
-0.137558
-0.127349
-0.117825
-0.109244
-0.101678
-0.0950189
-0.0890286
-0.0834443
-0.0780844
-0.0729253
-0.0681113
-0.0638879
-0.0604854
-0.0580034
-0.0563489
-0.0552586
-0.0543946
-0.0534696
-0.0523433
-0.0510497
-0.049743
-0.0485911
-0.0476677
-0.0468954
-0.0460662
-0.0449297
-0.0433015
-0.0411369
-0.0385339
-0.0356691
-0.0327041
-0.029714
-0.0266754
-0.0235153
-0.0201867
-0.0167211
-0.0132277
-0.00984253
-0.00666278
-0.00371208
-0.000959263
0.00162452
0.00401534
0.00613342
0.00788818
0.00922857
0.0101493
0.010644
0.01065
0.0100481
0.0087311
0.00668792
0.00401577
0.00084246
-0.00276537
-0.00681066
-0.0112856
-0.0160971
-0.0210811
-0.0260801
-0.0309914
-0.0357387
-0.0402192
-0.0443019
-0.0478679
-0.0508217
-0.0530777
-0.0545721
-0.0552694
-0.0551674
-0.0543004
-0.0526604
-0.0502939
-0.0471963
-0.0432243
-0.0384989
-0.0311243
-0.0223673
-0.0102868
-0.270391
-0.270696
-0.26971
-0.267881
-0.265352
-0.262232
-0.258409
-0.253803
-0.2484
-0.242277
-0.235594
-0.228552
-0.221332
-0.21403
-0.206621
-0.198964
-0.190846
-0.182051
-0.172456
-0.162103
-0.15123
-0.140234
-0.129585
-0.119705
-0.110869
-0.103139
-0.0963669
-0.0902699
-0.0845469
-0.0790083
-0.0736633
-0.0687248
-0.0645245
-0.0613682
-0.0593923
-0.0584836
-0.0582997
-0.0583838
-0.0583251
-0.0578996
-0.0571288
-0.0562317
-0.0554902
-0.0550877
-0.0549958
-0.0549618
-0.0546018
-0.053551
-0.0516001
-0.0487547
-0.0451988
-0.0411911
-0.0369534
-0.032607
-0.0281791
-0.0236601
-0.019064
-0.0144543
-0.00992449
-0.00555854
-0.00140424
0.00251842
0.00618443
0.0095382
0.0125007
0.0150034
0.0170132
0.0185185
0.0194835
0.0198184
0.0194069
0.0181783
0.0161577
0.0134404
0.0101116
0.0062001
0.00171595
-0.00327423
-0.00862854
-0.0141911
-0.0198563
-0.0255533
-0.031166
-0.0365061
-0.0414079
-0.0458194
-0.0497235
-0.0530129
-0.0555681
-0.0573761
-0.0584187
-0.0586673
-0.0581984
-0.0569164
-0.0547605
-0.0519357
-0.0481146
-0.0415781
-0.0340494
-0.0166487
)
;

boundaryField
{
    inlet
    {
        type            fixedFluxPressure;
        gradient        uniform 0;
        value           nonuniform List<scalar> 
50
(
-0.128601
-0.141013
-0.153434
-0.162181
-0.166348
-0.165672
-0.160012
-0.14969
-0.13545
-0.118045
-0.098432
-0.0776672
-0.0565154
-0.0356503
-0.0158115
0.00253506
0.019092
0.0336544
0.0460182
0.0557619
0.0624666
0.0656148
0.0649857
0.0607479
0.0529922
0.0418514
0.0273805
0.00970494
-0.0105805
-0.0328393
-0.056597
-0.0813474
-0.106666
-0.132078
-0.156909
-0.180645
-0.20299
-0.22352
-0.241741
-0.257351
-0.270132
-0.279874
-0.286646
-0.290803
-0.292559
-0.291853
-0.288751
-0.283615
-0.276833
-0.270391
)
;
    }
    outlet
    {
        type            fixedValue;
        value           uniform 0;
    }
    walls
    {
        type            zeroGradient;
    }
    frontAndBack
    {
        type            empty;
    }
}


// ************************************************************************* //
