/*--------------------------------*- C++ -*----------------------------------*\
| =========                 |                                                 |
| \\      /  F ield         | OpenFOAM: The Open Source CFD Toolbox           |
|  \\    /   O peration     | Version:  2406                                  |
|   \\  /    A nd           | Website:  www.openfoam.com                      |
|    \\/     M anipulation  |                                                 |
\*---------------------------------------------------------------------------*/
FoamFile
{
    version     2.0;
    format      ascii;
    arch        "LSB;label=32;scalar=64";
    class       vectorField;
    location    "constant/polyMesh";
    object      points;
}
// * * * * * * * * * * * * * * * * * * * * * * * * * * * * * * * * * * * * * //


3434
(
(0 0 0)
(0.0006 0 0)
(0.0012 0 0)
(0.0018 0 0)
(0.0024 0 0)
(0.003 0 0)
(0.0036 0 0)
(0.0042 0 0)
(0.0048 0 0)
(0.0054 0 0)
(0.006 0 0)
(0.0066 0 0)
(0.0072 0 0)
(0.0078 0 0)
(0.0084 0 0)
(0.009 0 0)
(0.0096 0 0)
(0.0102 0 0)
(0.0108 0 0)
(0.0114 0 0)
(0.012 0 0)
(0.0126 0 0)
(0.0132 0 0)
(0.0138 0 0)
(0.0144 0 0)
(0.015 0 0)
(0.0156 0 0)
(0.0162 0 0)
(0.0168 0 0)
(0.0174 0 0)
(0.018 0 0)
(0.0186 0 0)
(0.0192 0 0)
(0.0198 0 0)
(0.0204 0 0)
(0.021 0 0)
(0.0216 0 0)
(0.0222 0 0)
(0.0228 0 0)
(0.0234 0 0)
(0.024 0 0)
(0.0246 0 0)
(0.0252 0 0)
(0.0258 0 0)
(0.0264 0 0)
(0.027 0 0)
(0.0276 0 0)
(0.0282 0 0)
(0.0288 0 0)
(0.0294 0 0)
(0.03 0 0)
(0.0306 0 0)
(0.0312 0 0)
(0.0318 0 0)
(0.0324 0 0)
(0.033 0 0)
(0.0336 0 0)
(0.0342 0 0)
(0.0348 0 0)
(0.0354 0 0)
(0.036 0 0)
(0.0366 0 0)
(0.0372 0 0)
(0.0378 0 0)
(0.0384 0 0)
(0.039 0 0)
(0.0396 0 0)
(0.0402 0 0)
(0.0408 0 0)
(0.0414 0 0)
(0.042 0 0)
(0.0426 0 0)
(0.0432 0 0)
(0.0438 0 0)
(0.0444 0 0)
(0.045 0 0)
(0.0456 0 0)
(0.0462 0 0)
(0.0468 0 0)
(0.0474 0 0)
(0.048 0 0)
(0.0486 0 0)
(0.0492 0 0)
(0.0498 0 0)
(0.0504 0 0)
(0.051 0 0)
(0.0516 0 0)
(0.0522 0 0)
(0.0528 0 0)
(0.0534 0 0)
(0.054 0 0)
(0.0546 0 0)
(0.0552 0 0)
(0.0558 0 0)
(0.0564 0 0)
(0.057 0 0)
(0.0576 0 0)
(0.0582 0 0)
(0.0588 0 0)
(0.0594 0 0)
(0.06 0 0)
(0 0.000625 0)
(0.0006 0.000625 0)
(0.0012 0.000625 0)
(0.0018 0.000625 0)
(0.0024 0.000625 0)
(0.003 0.000625 0)
(0.0036 0.000625 0)
(0.0042 0.000625 0)
(0.0048 0.000625 0)
(0.0054 0.000625 0)
(0.006 0.000625 0)
(0.0066 0.000625 0)
(0.0072 0.000625 0)
(0.0078 0.000625 0)
(0.0084 0.000625 0)
(0.009 0.000625 0)
(0.0096 0.000625 0)
(0.0102 0.000625 0)
(0.0108 0.000625 0)
(0.0114 0.000625 0)
(0.012 0.000625 0)
(0.0126 0.000625 0)
(0.0132 0.000625 0)
(0.0138 0.000625 0)
(0.0144 0.000625 0)
(0.015 0.000625 0)
(0.0156 0.000625 0)
(0.0162 0.000625 0)
(0.0168 0.000625 0)
(0.0174 0.000625 0)
(0.018 0.000625 0)
(0.0186 0.000625 0)
(0.0192 0.000625 0)
(0.0198 0.000625 0)
(0.0204 0.000625 0)
(0.021 0.000625 0)
(0.0216 0.000625 0)
(0.0222 0.000625 0)
(0.0228 0.000625 0)
(0.0234 0.000625 0)
(0.024 0.000625 0)
(0.0246 0.000625 0)
(0.0252 0.000625 0)
(0.0258 0.000625 0)
(0.0264 0.000625 0)
(0.027 0.000625 0)
(0.0276 0.000625 0)
(0.0282 0.000625 0)
(0.0288 0.000625 0)
(0.0294 0.000625 0)
(0.03 0.000625 0)
(0.0306 0.000625 0)
(0.0312 0.000625 0)
(0.0318 0.000625 0)
(0.0324 0.000625 0)
(0.033 0.000625 0)
(0.0336 0.000625 0)
(0.0342 0.000625 0)
(0.0348 0.000625 0)
(0.0354 0.000625 0)
(0.036 0.000625 0)
(0.0366 0.000625 0)
(0.0372 0.000625 0)
(0.0378 0.000625 0)
(0.0384 0.000625 0)
(0.039 0.000625 0)
(0.0396 0.000625 0)
(0.0402 0.000625 0)
(0.0408 0.000625 0)
(0.0414 0.000625 0)
(0.042 0.000625 0)
(0.0426 0.000625 0)
(0.0432 0.000625 0)
(0.0438 0.000625 0)
(0.0444 0.000625 0)
(0.045 0.000625 0)
(0.0456 0.000625 0)
(0.0462 0.000625 0)
(0.0468 0.000625 0)
(0.0474 0.000625 0)
(0.048 0.000625 0)
(0.0486 0.000625 0)
(0.0492 0.000625 0)
(0.0498 0.000625 0)
(0.0504 0.000625 0)
(0.051 0.000625 0)
(0.0516 0.000625 0)
(0.0522 0.000625 0)
(0.0528 0.000625 0)
(0.0534 0.000625 0)
(0.054 0.000625 0)
(0.0546 0.000625 0)
(0.0552 0.000625 0)
(0.0558 0.000625 0)
(0.0564 0.000625 0)
(0.057 0.000625 0)
(0.0576 0.000625 0)
(0.0582 0.000625 0)
(0.0588 0.000625 0)
(0.0594 0.000625 0)
(0.06 0.000625 0)
(0 0.00125 0)
(0.0006 0.00125 0)
(0.0012 0.00125 0)
(0.0018 0.00125 0)
(0.0024 0.00125 0)
(0.003 0.00125 0)
(0.0036 0.00125 0)
(0.0042 0.00125 0)
(0.0048 0.00125 0)
(0.0054 0.00125 0)
(0.006 0.00125 0)
(0.0066 0.00125 0)
(0.0072 0.00125 0)
(0.0078 0.00125 0)
(0.0084 0.00125 0)
(0.009 0.00125 0)
(0.0096 0.00125 0)
(0.0102 0.00125 0)
(0.0108 0.00125 0)
(0.0114 0.00125 0)
(0.012 0.00125 0)
(0.0126 0.00125 0)
(0.0132 0.00125 0)
(0.0138 0.00125 0)
(0.0144 0.00125 0)
(0.015 0.00125 0)
(0.0156 0.00125 0)
(0.0162 0.00125 0)
(0.0168 0.00125 0)
(0.0174 0.00125 0)
(0.018 0.00125 0)
(0.0186 0.00125 0)
(0.0192 0.00125 0)
(0.0198 0.00125 0)
(0.0204 0.00125 0)
(0.021 0.00125 0)
(0.0216 0.00125 0)
(0.0222 0.00125 0)
(0.0228 0.00125 0)
(0.0234 0.00125 0)
(0.024 0.00125 0)
(0.0246 0.00125 0)
(0.0252 0.00125 0)
(0.0258 0.00125 0)
(0.0264 0.00125 0)
(0.027 0.00125 0)
(0.0276 0.00125 0)
(0.0282 0.00125 0)
(0.0288 0.00125 0)
(0.0294 0.00125 0)
(0.03 0.00125 0)
(0.0306 0.00125 0)
(0.0312 0.00125 0)
(0.0318 0.00125 0)
(0.0324 0.00125 0)
(0.033 0.00125 0)
(0.0336 0.00125 0)
(0.0342 0.00125 0)
(0.0348 0.00125 0)
(0.0354 0.00125 0)
(0.036 0.00125 0)
(0.0366 0.00125 0)
(0.0372 0.00125 0)
(0.0378 0.00125 0)
(0.0384 0.00125 0)
(0.039 0.00125 0)
(0.0396 0.00125 0)
(0.0402 0.00125 0)
(0.0408 0.00125 0)
(0.0414 0.00125 0)
(0.042 0.00125 0)
(0.0426 0.00125 0)
(0.0432 0.00125 0)
(0.0438 0.00125 0)
(0.0444 0.00125 0)
(0.045 0.00125 0)
(0.0456 0.00125 0)
(0.0462 0.00125 0)
(0.0468 0.00125 0)
(0.0474 0.00125 0)
(0.048 0.00125 0)
(0.0486 0.00125 0)
(0.0492 0.00125 0)
(0.0498 0.00125 0)
(0.0504 0.00125 0)
(0.051 0.00125 0)
(0.0516 0.00125 0)
(0.0522 0.00125 0)
(0.0528 0.00125 0)
(0.0534 0.00125 0)
(0.054 0.00125 0)
(0.0546 0.00125 0)
(0.0552 0.00125 0)
(0.0558 0.00125 0)
(0.0564 0.00125 0)
(0.057 0.00125 0)
(0.0576 0.00125 0)
(0.0582 0.00125 0)
(0.0588 0.00125 0)
(0.0594 0.00125 0)
(0.06 0.00125 0)
(0 0.001875 0)
(0.0006 0.001875 0)
(0.0012 0.001875 0)
(0.0018 0.001875 0)
(0.0024 0.001875 0)
(0.003 0.001875 0)
(0.0036 0.001875 0)
(0.0042 0.001875 0)
(0.0048 0.001875 0)
(0.0054 0.001875 0)
(0.006 0.001875 0)
(0.0066 0.001875 0)
(0.0072 0.001875 0)
(0.0078 0.001875 0)
(0.0084 0.001875 0)
(0.009 0.001875 0)
(0.0096 0.001875 0)
(0.0102 0.001875 0)
(0.0108 0.001875 0)
(0.0114 0.001875 0)
(0.012 0.001875 0)
(0.0126 0.001875 0)
(0.0132 0.001875 0)
(0.0138 0.001875 0)
(0.0144 0.001875 0)
(0.015 0.001875 0)
(0.0156 0.001875 0)
(0.0162 0.001875 0)
(0.0168 0.001875 0)
(0.0174 0.001875 0)
(0.018 0.001875 0)
(0.0186 0.001875 0)
(0.0192 0.001875 0)
(0.0198 0.001875 0)
(0.0204 0.001875 0)
(0.021 0.001875 0)
(0.0216 0.001875 0)
(0.0222 0.001875 0)
(0.0228 0.001875 0)
(0.0234 0.001875 0)
(0.024 0.001875 0)
(0.0246 0.001875 0)
(0.0252 0.001875 0)
(0.0258 0.001875 0)
(0.0264 0.001875 0)
(0.027 0.001875 0)
(0.0276 0.001875 0)
(0.0282 0.001875 0)
(0.0288 0.001875 0)
(0.0294 0.001875 0)
(0.03 0.001875 0)
(0.0306 0.001875 0)
(0.0312 0.001875 0)
(0.0318 0.001875 0)
(0.0324 0.001875 0)
(0.033 0.001875 0)
(0.0336 0.001875 0)
(0.0342 0.001875 0)
(0.0348 0.001875 0)
(0.0354 0.001875 0)
(0.036 0.001875 0)
(0.0366 0.001875 0)
(0.0372 0.001875 0)
(0.0378 0.001875 0)
(0.0384 0.001875 0)
(0.039 0.001875 0)
(0.0396 0.001875 0)
(0.0402 0.001875 0)
(0.0408 0.001875 0)
(0.0414 0.001875 0)
(0.042 0.001875 0)
(0.0426 0.001875 0)
(0.0432 0.001875 0)
(0.0438 0.001875 0)
(0.0444 0.001875 0)
(0.045 0.001875 0)
(0.0456 0.001875 0)
(0.0462 0.001875 0)
(0.0468 0.001875 0)
(0.0474 0.001875 0)
(0.048 0.001875 0)
(0.0486 0.001875 0)
(0.0492 0.001875 0)
(0.0498 0.001875 0)
(0.0504 0.001875 0)
(0.051 0.001875 0)
(0.0516 0.001875 0)
(0.0522 0.001875 0)
(0.0528 0.001875 0)
(0.0534 0.001875 0)
(0.054 0.001875 0)
(0.0546 0.001875 0)
(0.0552 0.001875 0)
(0.0558 0.001875 0)
(0.0564 0.001875 0)
(0.057 0.001875 0)
(0.0576 0.001875 0)
(0.0582 0.001875 0)
(0.0588 0.001875 0)
(0.0594 0.001875 0)
(0.06 0.001875 0)
(0 0.0025 0)
(0.0006 0.0025 0)
(0.0012 0.0025 0)
(0.0018 0.0025 0)
(0.0024 0.0025 0)
(0.003 0.0025 0)
(0.0036 0.0025 0)
(0.0042 0.0025 0)
(0.0048 0.0025 0)
(0.0054 0.0025 0)
(0.006 0.0025 0)
(0.0066 0.0025 0)
(0.0072 0.0025 0)
(0.0078 0.0025 0)
(0.0084 0.0025 0)
(0.009 0.0025 0)
(0.0096 0.0025 0)
(0.0102 0.0025 0)
(0.0108 0.0025 0)
(0.0114 0.0025 0)
(0.012 0.0025 0)
(0.0126 0.0025 0)
(0.0132 0.0025 0)
(0.0138 0.0025 0)
(0.0144 0.0025 0)
(0.015 0.0025 0)
(0.0156 0.0025 0)
(0.0162 0.0025 0)
(0.0168 0.0025 0)
(0.0174 0.0025 0)
(0.018 0.0025 0)
(0.0186 0.0025 0)
(0.0192 0.0025 0)
(0.0198 0.0025 0)
(0.0204 0.0025 0)
(0.021 0.0025 0)
(0.0216 0.0025 0)
(0.0222 0.0025 0)
(0.0228 0.0025 0)
(0.0234 0.0025 0)
(0.024 0.0025 0)
(0.0246 0.0025 0)
(0.0252 0.0025 0)
(0.0258 0.0025 0)
(0.0264 0.0025 0)
(0.027 0.0025 0)
(0.0276 0.0025 0)
(0.0282 0.0025 0)
(0.0288 0.0025 0)
(0.0294 0.0025 0)
(0.03 0.0025 0)
(0.0306 0.0025 0)
(0.0312 0.0025 0)
(0.0318 0.0025 0)
(0.0324 0.0025 0)
(0.033 0.0025 0)
(0.0336 0.0025 0)
(0.0342 0.0025 0)
(0.0348 0.0025 0)
(0.0354 0.0025 0)
(0.036 0.0025 0)
(0.0366 0.0025 0)
(0.0372 0.0025 0)
(0.0378 0.0025 0)
(0.0384 0.0025 0)
(0.039 0.0025 0)
(0.0396 0.0025 0)
(0.0402 0.0025 0)
(0.0408 0.0025 0)
(0.0414 0.0025 0)
(0.042 0.0025 0)
(0.0426 0.0025 0)
(0.0432 0.0025 0)
(0.0438 0.0025 0)
(0.0444 0.0025 0)
(0.045 0.0025 0)
(0.0456 0.0025 0)
(0.0462 0.0025 0)
(0.0468 0.0025 0)
(0.0474 0.0025 0)
(0.048 0.0025 0)
(0.0486 0.0025 0)
(0.0492 0.0025 0)
(0.0498 0.0025 0)
(0.0504 0.0025 0)
(0.051 0.0025 0)
(0.0516 0.0025 0)
(0.0522 0.0025 0)
(0.0528 0.0025 0)
(0.0534 0.0025 0)
(0.054 0.0025 0)
(0.0546 0.0025 0)
(0.0552 0.0025 0)
(0.0558 0.0025 0)
(0.0564 0.0025 0)
(0.057 0.0025 0)
(0.0576 0.0025 0)
(0.0582 0.0025 0)
(0.0588 0.0025 0)
(0.0594 0.0025 0)
(0.06 0.0025 0)
(0 0.003125 0)
(0.0006 0.003125 0)
(0.0012 0.003125 0)
(0.0018 0.003125 0)
(0.0024 0.003125 0)
(0.003 0.003125 0)
(0.0036 0.003125 0)
(0.0042 0.003125 0)
(0.0048 0.003125 0)
(0.0054 0.003125 0)
(0.006 0.003125 0)
(0.0066 0.003125 0)
(0.0072 0.003125 0)
(0.0078 0.003125 0)
(0.0084 0.003125 0)
(0.009 0.003125 0)
(0.0096 0.003125 0)
(0.0102 0.003125 0)
(0.0108 0.003125 0)
(0.0114 0.003125 0)
(0.012 0.003125 0)
(0.0126 0.003125 0)
(0.0132 0.003125 0)
(0.0138 0.003125 0)
(0.0144 0.003125 0)
(0.015 0.003125 0)
(0.0156 0.003125 0)
(0.0162 0.003125 0)
(0.0168 0.003125 0)
(0.0174 0.003125 0)
(0.018 0.003125 0)
(0.0186 0.003125 0)
(0.0192 0.003125 0)
(0.0198 0.003125 0)
(0.0204 0.003125 0)
(0.021 0.003125 0)
(0.0216 0.003125 0)
(0.0222 0.003125 0)
(0.0228 0.003125 0)
(0.0234 0.003125 0)
(0.024 0.003125 0)
(0.0246 0.003125 0)
(0.0252 0.003125 0)
(0.0258 0.003125 0)
(0.0264 0.003125 0)
(0.027 0.003125 0)
(0.0276 0.003125 0)
(0.0282 0.003125 0)
(0.0288 0.003125 0)
(0.0294 0.003125 0)
(0.03 0.003125 0)
(0.0306 0.003125 0)
(0.0312 0.003125 0)
(0.0318 0.003125 0)
(0.0324 0.003125 0)
(0.033 0.003125 0)
(0.0336 0.003125 0)
(0.0342 0.003125 0)
(0.0348 0.003125 0)
(0.0354 0.003125 0)
(0.036 0.003125 0)
(0.0366 0.003125 0)
(0.0372 0.003125 0)
(0.0378 0.003125 0)
(0.0384 0.003125 0)
(0.039 0.003125 0)
(0.0396 0.003125 0)
(0.0402 0.003125 0)
(0.0408 0.003125 0)
(0.0414 0.003125 0)
(0.042 0.003125 0)
(0.0426 0.003125 0)
(0.0432 0.003125 0)
(0.0438 0.003125 0)
(0.0444 0.003125 0)
(0.045 0.003125 0)
(0.0456 0.003125 0)
(0.0462 0.003125 0)
(0.0468 0.003125 0)
(0.0474 0.003125 0)
(0.048 0.003125 0)
(0.0486 0.003125 0)
(0.0492 0.003125 0)
(0.0498 0.003125 0)
(0.0504 0.003125 0)
(0.051 0.003125 0)
(0.0516 0.003125 0)
(0.0522 0.003125 0)
(0.0528 0.003125 0)
(0.0534 0.003125 0)
(0.054 0.003125 0)
(0.0546 0.003125 0)
(0.0552 0.003125 0)
(0.0558 0.003125 0)
(0.0564 0.003125 0)
(0.057 0.003125 0)
(0.0576 0.003125 0)
(0.0582 0.003125 0)
(0.0588 0.003125 0)
(0.0594 0.003125 0)
(0.06 0.003125 0)
(0 0.00375 0)
(0.0006 0.00375 0)
(0.0012 0.00375 0)
(0.0018 0.00375 0)
(0.0024 0.00375 0)
(0.003 0.00375 0)
(0.0036 0.00375 0)
(0.0042 0.00375 0)
(0.0048 0.00375 0)
(0.0054 0.00375 0)
(0.006 0.00375 0)
(0.0066 0.00375 0)
(0.0072 0.00375 0)
(0.0078 0.00375 0)
(0.0084 0.00375 0)
(0.009 0.00375 0)
(0.0096 0.00375 0)
(0.0102 0.00375 0)
(0.0108 0.00375 0)
(0.0114 0.00375 0)
(0.012 0.00375 0)
(0.0126 0.00375 0)
(0.0132 0.00375 0)
(0.0138 0.00375 0)
(0.0144 0.00375 0)
(0.015 0.00375 0)
(0.0156 0.00375 0)
(0.0162 0.00375 0)
(0.0168 0.00375 0)
(0.0174 0.00375 0)
(0.018 0.00375 0)
(0.0186 0.00375 0)
(0.0192 0.00375 0)
(0.0198 0.00375 0)
(0.0204 0.00375 0)
(0.021 0.00375 0)
(0.0216 0.00375 0)
(0.0222 0.00375 0)
(0.0228 0.00375 0)
(0.0234 0.00375 0)
(0.024 0.00375 0)
(0.0246 0.00375 0)
(0.0252 0.00375 0)
(0.0258 0.00375 0)
(0.0264 0.00375 0)
(0.027 0.00375 0)
(0.0276 0.00375 0)
(0.0282 0.00375 0)
(0.0288 0.00375 0)
(0.0294 0.00375 0)
(0.03 0.00375 0)
(0.0306 0.00375 0)
(0.0312 0.00375 0)
(0.0318 0.00375 0)
(0.0324 0.00375 0)
(0.033 0.00375 0)
(0.0336 0.00375 0)
(0.0342 0.00375 0)
(0.0348 0.00375 0)
(0.0354 0.00375 0)
(0.036 0.00375 0)
(0.0366 0.00375 0)
(0.0372 0.00375 0)
(0.0378 0.00375 0)
(0.0384 0.00375 0)
(0.039 0.00375 0)
(0.0396 0.00375 0)
(0.0402 0.00375 0)
(0.0408 0.00375 0)
(0.0414 0.00375 0)
(0.042 0.00375 0)
(0.0426 0.00375 0)
(0.0432 0.00375 0)
(0.0438 0.00375 0)
(0.0444 0.00375 0)
(0.045 0.00375 0)
(0.0456 0.00375 0)
(0.0462 0.00375 0)
(0.0468 0.00375 0)
(0.0474 0.00375 0)
(0.048 0.00375 0)
(0.0486 0.00375 0)
(0.0492 0.00375 0)
(0.0498 0.00375 0)
(0.0504 0.00375 0)
(0.051 0.00375 0)
(0.0516 0.00375 0)
(0.0522 0.00375 0)
(0.0528 0.00375 0)
(0.0534 0.00375 0)
(0.054 0.00375 0)
(0.0546 0.00375 0)
(0.0552 0.00375 0)
(0.0558 0.00375 0)
(0.0564 0.00375 0)
(0.057 0.00375 0)
(0.0576 0.00375 0)
(0.0582 0.00375 0)
(0.0588 0.00375 0)
(0.0594 0.00375 0)
(0.06 0.00375 0)
(0 0.004375 0)
(0.0006 0.004375 0)
(0.0012 0.004375 0)
(0.0018 0.004375 0)
(0.0024 0.004375 0)
(0.003 0.004375 0)
(0.0036 0.004375 0)
(0.0042 0.004375 0)
(0.0048 0.004375 0)
(0.0054 0.004375 0)
(0.006 0.004375 0)
(0.0066 0.004375 0)
(0.0072 0.004375 0)
(0.0078 0.004375 0)
(0.0084 0.004375 0)
(0.009 0.004375 0)
(0.0096 0.004375 0)
(0.0102 0.004375 0)
(0.0108 0.004375 0)
(0.0114 0.004375 0)
(0.012 0.004375 0)
(0.0126 0.004375 0)
(0.0132 0.004375 0)
(0.0138 0.004375 0)
(0.0144 0.004375 0)
(0.015 0.004375 0)
(0.0156 0.004375 0)
(0.0162 0.004375 0)
(0.0168 0.004375 0)
(0.0174 0.004375 0)
(0.018 0.004375 0)
(0.0186 0.004375 0)
(0.0192 0.004375 0)
(0.0198 0.004375 0)
(0.0204 0.004375 0)
(0.021 0.004375 0)
(0.0216 0.004375 0)
(0.0222 0.004375 0)
(0.0228 0.004375 0)
(0.0234 0.004375 0)
(0.024 0.004375 0)
(0.0246 0.004375 0)
(0.0252 0.004375 0)
(0.0258 0.004375 0)
(0.0264 0.004375 0)
(0.027 0.004375 0)
(0.0276 0.004375 0)
(0.0282 0.004375 0)
(0.0288 0.004375 0)
(0.0294 0.004375 0)
(0.03 0.004375 0)
(0.0306 0.004375 0)
(0.0312 0.004375 0)
(0.0318 0.004375 0)
(0.0324 0.004375 0)
(0.033 0.004375 0)
(0.0336 0.004375 0)
(0.0342 0.004375 0)
(0.0348 0.004375 0)
(0.0354 0.004375 0)
(0.036 0.004375 0)
(0.0366 0.004375 0)
(0.0372 0.004375 0)
(0.0378 0.004375 0)
(0.0384 0.004375 0)
(0.039 0.004375 0)
(0.0396 0.004375 0)
(0.0402 0.004375 0)
(0.0408 0.004375 0)
(0.0414 0.004375 0)
(0.042 0.004375 0)
(0.0426 0.004375 0)
(0.0432 0.004375 0)
(0.0438 0.004375 0)
(0.0444 0.004375 0)
(0.045 0.004375 0)
(0.0456 0.004375 0)
(0.0462 0.004375 0)
(0.0468 0.004375 0)
(0.0474 0.004375 0)
(0.048 0.004375 0)
(0.0486 0.004375 0)
(0.0492 0.004375 0)
(0.0498 0.004375 0)
(0.0504 0.004375 0)
(0.051 0.004375 0)
(0.0516 0.004375 0)
(0.0522 0.004375 0)
(0.0528 0.004375 0)
(0.0534 0.004375 0)
(0.054 0.004375 0)
(0.0546 0.004375 0)
(0.0552 0.004375 0)
(0.0558 0.004375 0)
(0.0564 0.004375 0)
(0.057 0.004375 0)
(0.0576 0.004375 0)
(0.0582 0.004375 0)
(0.0588 0.004375 0)
(0.0594 0.004375 0)
(0.06 0.004375 0)
(0 0.005 0)
(0.0006 0.005 0)
(0.0012 0.005 0)
(0.0018 0.005 0)
(0.0024 0.005 0)
(0.003 0.005 0)
(0.0036 0.005 0)
(0.0042 0.005 0)
(0.0048 0.005 0)
(0.0054 0.005 0)
(0.006 0.005 0)
(0.0066 0.005 0)
(0.0072 0.005 0)
(0.0078 0.005 0)
(0.0084 0.005 0)
(0.009 0.005 0)
(0.0096 0.005 0)
(0.0102 0.005 0)
(0.0108 0.005 0)
(0.0114 0.005 0)
(0.012 0.005 0)
(0.0126 0.005 0)
(0.0132 0.005 0)
(0.0138 0.005 0)
(0.0144 0.005 0)
(0.015 0.005 0)
(0.0156 0.005 0)
(0.0162 0.005 0)
(0.0168 0.005 0)
(0.0174 0.005 0)
(0.018 0.005 0)
(0.0186 0.005 0)
(0.0192 0.005 0)
(0.0198 0.005 0)
(0.0204 0.005 0)
(0.021 0.005 0)
(0.0216 0.005 0)
(0.0222 0.005 0)
(0.0228 0.005 0)
(0.0234 0.005 0)
(0.024 0.005 0)
(0.0246 0.005 0)
(0.0252 0.005 0)
(0.0258 0.005 0)
(0.0264 0.005 0)
(0.027 0.005 0)
(0.0276 0.005 0)
(0.0282 0.005 0)
(0.0288 0.005 0)
(0.0294 0.005 0)
(0.03 0.005 0)
(0.0306 0.005 0)
(0.0312 0.005 0)
(0.0318 0.005 0)
(0.0324 0.005 0)
(0.033 0.005 0)
(0.0336 0.005 0)
(0.0342 0.005 0)
(0.0348 0.005 0)
(0.0354 0.005 0)
(0.036 0.005 0)
(0.0366 0.005 0)
(0.0372 0.005 0)
(0.0378 0.005 0)
(0.0384 0.005 0)
(0.039 0.005 0)
(0.0396 0.005 0)
(0.0402 0.005 0)
(0.0408 0.005 0)
(0.0414 0.005 0)
(0.042 0.005 0)
(0.0426 0.005 0)
(0.0432 0.005 0)
(0.0438 0.005 0)
(0.0444 0.005 0)
(0.045 0.005 0)
(0.0456 0.005 0)
(0.0462 0.005 0)
(0.0468 0.005 0)
(0.0474 0.005 0)
(0.048 0.005 0)
(0.0486 0.005 0)
(0.0492 0.005 0)
(0.0498 0.005 0)
(0.0504 0.005 0)
(0.051 0.005 0)
(0.0516 0.005 0)
(0.0522 0.005 0)
(0.0528 0.005 0)
(0.0534 0.005 0)
(0.054 0.005 0)
(0.0546 0.005 0)
(0.0552 0.005 0)
(0.0558 0.005 0)
(0.0564 0.005 0)
(0.057 0.005 0)
(0.0576 0.005 0)
(0.0582 0.005 0)
(0.0588 0.005 0)
(0.0594 0.005 0)
(0.06 0.005 0)
(0 0.005625 0)
(0.0006 0.005625 0)
(0.0012 0.005625 0)
(0.0018 0.005625 0)
(0.0024 0.005625 0)
(0.003 0.005625 0)
(0.0036 0.005625 0)
(0.0042 0.005625 0)
(0.0048 0.005625 0)
(0.0054 0.005625 0)
(0.006 0.005625 0)
(0.0066 0.005625 0)
(0.0072 0.005625 0)
(0.0078 0.005625 0)
(0.0084 0.005625 0)
(0.009 0.005625 0)
(0.0096 0.005625 0)
(0.0102 0.005625 0)
(0.0108 0.005625 0)
(0.0114 0.005625 0)
(0.012 0.005625 0)
(0.0126 0.005625 0)
(0.0132 0.005625 0)
(0.0138 0.005625 0)
(0.0144 0.005625 0)
(0.015 0.005625 0)
(0.0156 0.005625 0)
(0.0162 0.005625 0)
(0.0168 0.005625 0)
(0.0174 0.005625 0)
(0.018 0.005625 0)
(0.0186 0.005625 0)
(0.0192 0.005625 0)
(0.0198 0.005625 0)
(0.0204 0.005625 0)
(0.021 0.005625 0)
(0.0216 0.005625 0)
(0.0222 0.005625 0)
(0.0228 0.005625 0)
(0.0234 0.005625 0)
(0.024 0.005625 0)
(0.0246 0.005625 0)
(0.0252 0.005625 0)
(0.0258 0.005625 0)
(0.0264 0.005625 0)
(0.027 0.005625 0)
(0.0276 0.005625 0)
(0.0282 0.005625 0)
(0.0288 0.005625 0)
(0.0294 0.005625 0)
(0.03 0.005625 0)
(0.0306 0.005625 0)
(0.0312 0.005625 0)
(0.0318 0.005625 0)
(0.0324 0.005625 0)
(0.033 0.005625 0)
(0.0336 0.005625 0)
(0.0342 0.005625 0)
(0.0348 0.005625 0)
(0.0354 0.005625 0)
(0.036 0.005625 0)
(0.0366 0.005625 0)
(0.0372 0.005625 0)
(0.0378 0.005625 0)
(0.0384 0.005625 0)
(0.039 0.005625 0)
(0.0396 0.005625 0)
(0.0402 0.005625 0)
(0.0408 0.005625 0)
(0.0414 0.005625 0)
(0.042 0.005625 0)
(0.0426 0.005625 0)
(0.0432 0.005625 0)
(0.0438 0.005625 0)
(0.0444 0.005625 0)
(0.045 0.005625 0)
(0.0456 0.005625 0)
(0.0462 0.005625 0)
(0.0468 0.005625 0)
(0.0474 0.005625 0)
(0.048 0.005625 0)
(0.0486 0.005625 0)
(0.0492 0.005625 0)
(0.0498 0.005625 0)
(0.0504 0.005625 0)
(0.051 0.005625 0)
(0.0516 0.005625 0)
(0.0522 0.005625 0)
(0.0528 0.005625 0)
(0.0534 0.005625 0)
(0.054 0.005625 0)
(0.0546 0.005625 0)
(0.0552 0.005625 0)
(0.0558 0.005625 0)
(0.0564 0.005625 0)
(0.057 0.005625 0)
(0.0576 0.005625 0)
(0.0582 0.005625 0)
(0.0588 0.005625 0)
(0.0594 0.005625 0)
(0.06 0.005625 0)
(0 0.00625 0)
(0.0006 0.00625 0)
(0.0012 0.00625 0)
(0.0018 0.00625 0)
(0.0024 0.00625 0)
(0.003 0.00625 0)
(0.0036 0.00625 0)
(0.0042 0.00625 0)
(0.0048 0.00625 0)
(0.0054 0.00625 0)
(0.006 0.00625 0)
(0.0066 0.00625 0)
(0.0072 0.00625 0)
(0.0078 0.00625 0)
(0.0084 0.00625 0)
(0.009 0.00625 0)
(0.0096 0.00625 0)
(0.0102 0.00625 0)
(0.0108 0.00625 0)
(0.0114 0.00625 0)
(0.012 0.00625 0)
(0.0126 0.00625 0)
(0.0132 0.00625 0)
(0.0138 0.00625 0)
(0.0144 0.00625 0)
(0.015 0.00625 0)
(0.0156 0.00625 0)
(0.0162 0.00625 0)
(0.0168 0.00625 0)
(0.0174 0.00625 0)
(0.018 0.00625 0)
(0.0186 0.00625 0)
(0.0192 0.00625 0)
(0.0198 0.00625 0)
(0.0204 0.00625 0)
(0.021 0.00625 0)
(0.0216 0.00625 0)
(0.0222 0.00625 0)
(0.0228 0.00625 0)
(0.0234 0.00625 0)
(0.024 0.00625 0)
(0.0246 0.00625 0)
(0.0252 0.00625 0)
(0.0258 0.00625 0)
(0.0264 0.00625 0)
(0.027 0.00625 0)
(0.0276 0.00625 0)
(0.0282 0.00625 0)
(0.0288 0.00625 0)
(0.0294 0.00625 0)
(0.03 0.00625 0)
(0.0306 0.00625 0)
(0.0312 0.00625 0)
(0.0318 0.00625 0)
(0.0324 0.00625 0)
(0.033 0.00625 0)
(0.0336 0.00625 0)
(0.0342 0.00625 0)
(0.0348 0.00625 0)
(0.0354 0.00625 0)
(0.036 0.00625 0)
(0.0366 0.00625 0)
(0.0372 0.00625 0)
(0.0378 0.00625 0)
(0.0384 0.00625 0)
(0.039 0.00625 0)
(0.0396 0.00625 0)
(0.0402 0.00625 0)
(0.0408 0.00625 0)
(0.0414 0.00625 0)
(0.042 0.00625 0)
(0.0426 0.00625 0)
(0.0432 0.00625 0)
(0.0438 0.00625 0)
(0.0444 0.00625 0)
(0.045 0.00625 0)
(0.0456 0.00625 0)
(0.0462 0.00625 0)
(0.0468 0.00625 0)
(0.0474 0.00625 0)
(0.048 0.00625 0)
(0.0486 0.00625 0)
(0.0492 0.00625 0)
(0.0498 0.00625 0)
(0.0504 0.00625 0)
(0.051 0.00625 0)
(0.0516 0.00625 0)
(0.0522 0.00625 0)
(0.0528 0.00625 0)
(0.0534 0.00625 0)
(0.054 0.00625 0)
(0.0546 0.00625 0)
(0.0552 0.00625 0)
(0.0558 0.00625 0)
(0.0564 0.00625 0)
(0.057 0.00625 0)
(0.0576 0.00625 0)
(0.0582 0.00625 0)
(0.0588 0.00625 0)
(0.0594 0.00625 0)
(0.06 0.00625 0)
(0 0.006875 0)
(0.0006 0.006875 0)
(0.0012 0.006875 0)
(0.0018 0.006875 0)
(0.0024 0.006875 0)
(0.003 0.006875 0)
(0.0036 0.006875 0)
(0.0042 0.006875 0)
(0.0048 0.006875 0)
(0.0054 0.006875 0)
(0.006 0.006875 0)
(0.0066 0.006875 0)
(0.0072 0.006875 0)
(0.0078 0.006875 0)
(0.0084 0.006875 0)
(0.009 0.006875 0)
(0.0096 0.006875 0)
(0.0102 0.006875 0)
(0.0108 0.006875 0)
(0.0114 0.006875 0)
(0.012 0.006875 0)
(0.0126 0.006875 0)
(0.0132 0.006875 0)
(0.0138 0.006875 0)
(0.0144 0.006875 0)
(0.015 0.006875 0)
(0.0156 0.006875 0)
(0.0162 0.006875 0)
(0.0168 0.006875 0)
(0.0174 0.006875 0)
(0.018 0.006875 0)
(0.0186 0.006875 0)
(0.0192 0.006875 0)
(0.0198 0.006875 0)
(0.0204 0.006875 0)
(0.021 0.006875 0)
(0.0216 0.006875 0)
(0.0222 0.006875 0)
(0.0228 0.006875 0)
(0.0234 0.006875 0)
(0.024 0.006875 0)
(0.0246 0.006875 0)
(0.0252 0.006875 0)
(0.0258 0.006875 0)
(0.0264 0.006875 0)
(0.027 0.006875 0)
(0.0276 0.006875 0)
(0.0282 0.006875 0)
(0.0288 0.006875 0)
(0.0294 0.006875 0)
(0.03 0.006875 0)
(0.0306 0.006875 0)
(0.0312 0.006875 0)
(0.0318 0.006875 0)
(0.0324 0.006875 0)
(0.033 0.006875 0)
(0.0336 0.006875 0)
(0.0342 0.006875 0)
(0.0348 0.006875 0)
(0.0354 0.006875 0)
(0.036 0.006875 0)
(0.0366 0.006875 0)
(0.0372 0.006875 0)
(0.0378 0.006875 0)
(0.0384 0.006875 0)
(0.039 0.006875 0)
(0.0396 0.006875 0)
(0.0402 0.006875 0)
(0.0408 0.006875 0)
(0.0414 0.006875 0)
(0.042 0.006875 0)
(0.0426 0.006875 0)
(0.0432 0.006875 0)
(0.0438 0.006875 0)
(0.0444 0.006875 0)
(0.045 0.006875 0)
(0.0456 0.006875 0)
(0.0462 0.006875 0)
(0.0468 0.006875 0)
(0.0474 0.006875 0)
(0.048 0.006875 0)
(0.0486 0.006875 0)
(0.0492 0.006875 0)
(0.0498 0.006875 0)
(0.0504 0.006875 0)
(0.051 0.006875 0)
(0.0516 0.006875 0)
(0.0522 0.006875 0)
(0.0528 0.006875 0)
(0.0534 0.006875 0)
(0.054 0.006875 0)
(0.0546 0.006875 0)
(0.0552 0.006875 0)
(0.0558 0.006875 0)
(0.0564 0.006875 0)
(0.057 0.006875 0)
(0.0576 0.006875 0)
(0.0582 0.006875 0)
(0.0588 0.006875 0)
(0.0594 0.006875 0)
(0.06 0.006875 0)
(0 0.0075 0)
(0.0006 0.0075 0)
(0.0012 0.0075 0)
(0.0018 0.0075 0)
(0.0024 0.0075 0)
(0.003 0.0075 0)
(0.0036 0.0075 0)
(0.0042 0.0075 0)
(0.0048 0.0075 0)
(0.0054 0.0075 0)
(0.006 0.0075 0)
(0.0066 0.0075 0)
(0.0072 0.0075 0)
(0.0078 0.0075 0)
(0.0084 0.0075 0)
(0.009 0.0075 0)
(0.0096 0.0075 0)
(0.0102 0.0075 0)
(0.0108 0.0075 0)
(0.0114 0.0075 0)
(0.012 0.0075 0)
(0.0126 0.0075 0)
(0.0132 0.0075 0)
(0.0138 0.0075 0)
(0.0144 0.0075 0)
(0.015 0.0075 0)
(0.0156 0.0075 0)
(0.0162 0.0075 0)
(0.0168 0.0075 0)
(0.0174 0.0075 0)
(0.018 0.0075 0)
(0.0186 0.0075 0)
(0.0192 0.0075 0)
(0.0198 0.0075 0)
(0.0204 0.0075 0)
(0.021 0.0075 0)
(0.0216 0.0075 0)
(0.0222 0.0075 0)
(0.0228 0.0075 0)
(0.0234 0.0075 0)
(0.024 0.0075 0)
(0.0246 0.0075 0)
(0.0252 0.0075 0)
(0.0258 0.0075 0)
(0.0264 0.0075 0)
(0.027 0.0075 0)
(0.0276 0.0075 0)
(0.0282 0.0075 0)
(0.0288 0.0075 0)
(0.0294 0.0075 0)
(0.03 0.0075 0)
(0.0306 0.0075 0)
(0.0312 0.0075 0)
(0.0318 0.0075 0)
(0.0324 0.0075 0)
(0.033 0.0075 0)
(0.0336 0.0075 0)
(0.0342 0.0075 0)
(0.0348 0.0075 0)
(0.0354 0.0075 0)
(0.036 0.0075 0)
(0.0366 0.0075 0)
(0.0372 0.0075 0)
(0.0378 0.0075 0)
(0.0384 0.0075 0)
(0.039 0.0075 0)
(0.0396 0.0075 0)
(0.0402 0.0075 0)
(0.0408 0.0075 0)
(0.0414 0.0075 0)
(0.042 0.0075 0)
(0.0426 0.0075 0)
(0.0432 0.0075 0)
(0.0438 0.0075 0)
(0.0444 0.0075 0)
(0.045 0.0075 0)
(0.0456 0.0075 0)
(0.0462 0.0075 0)
(0.0468 0.0075 0)
(0.0474 0.0075 0)
(0.048 0.0075 0)
(0.0486 0.0075 0)
(0.0492 0.0075 0)
(0.0498 0.0075 0)
(0.0504 0.0075 0)
(0.051 0.0075 0)
(0.0516 0.0075 0)
(0.0522 0.0075 0)
(0.0528 0.0075 0)
(0.0534 0.0075 0)
(0.054 0.0075 0)
(0.0546 0.0075 0)
(0.0552 0.0075 0)
(0.0558 0.0075 0)
(0.0564 0.0075 0)
(0.057 0.0075 0)
(0.0576 0.0075 0)
(0.0582 0.0075 0)
(0.0588 0.0075 0)
(0.0594 0.0075 0)
(0.06 0.0075 0)
(0 0.008125 0)
(0.0006 0.008125 0)
(0.0012 0.008125 0)
(0.0018 0.008125 0)
(0.0024 0.008125 0)
(0.003 0.008125 0)
(0.0036 0.008125 0)
(0.0042 0.008125 0)
(0.0048 0.008125 0)
(0.0054 0.008125 0)
(0.006 0.008125 0)
(0.0066 0.008125 0)
(0.0072 0.008125 0)
(0.0078 0.008125 0)
(0.0084 0.008125 0)
(0.009 0.008125 0)
(0.0096 0.008125 0)
(0.0102 0.008125 0)
(0.0108 0.008125 0)
(0.0114 0.008125 0)
(0.012 0.008125 0)
(0.0126 0.008125 0)
(0.0132 0.008125 0)
(0.0138 0.008125 0)
(0.0144 0.008125 0)
(0.015 0.008125 0)
(0.0156 0.008125 0)
(0.0162 0.008125 0)
(0.0168 0.008125 0)
(0.0174 0.008125 0)
(0.018 0.008125 0)
(0.0186 0.008125 0)
(0.0192 0.008125 0)
(0.0198 0.008125 0)
(0.0204 0.008125 0)
(0.021 0.008125 0)
(0.0216 0.008125 0)
(0.0222 0.008125 0)
(0.0228 0.008125 0)
(0.0234 0.008125 0)
(0.024 0.008125 0)
(0.0246 0.008125 0)
(0.0252 0.008125 0)
(0.0258 0.008125 0)
(0.0264 0.008125 0)
(0.027 0.008125 0)
(0.0276 0.008125 0)
(0.0282 0.008125 0)
(0.0288 0.008125 0)
(0.0294 0.008125 0)
(0.03 0.008125 0)
(0.0306 0.008125 0)
(0.0312 0.008125 0)
(0.0318 0.008125 0)
(0.0324 0.008125 0)
(0.033 0.008125 0)
(0.0336 0.008125 0)
(0.0342 0.008125 0)
(0.0348 0.008125 0)
(0.0354 0.008125 0)
(0.036 0.008125 0)
(0.0366 0.008125 0)
(0.0372 0.008125 0)
(0.0378 0.008125 0)
(0.0384 0.008125 0)
(0.039 0.008125 0)
(0.0396 0.008125 0)
(0.0402 0.008125 0)
(0.0408 0.008125 0)
(0.0414 0.008125 0)
(0.042 0.008125 0)
(0.0426 0.008125 0)
(0.0432 0.008125 0)
(0.0438 0.008125 0)
(0.0444 0.008125 0)
(0.045 0.008125 0)
(0.0456 0.008125 0)
(0.0462 0.008125 0)
(0.0468 0.008125 0)
(0.0474 0.008125 0)
(0.048 0.008125 0)
(0.0486 0.008125 0)
(0.0492 0.008125 0)
(0.0498 0.008125 0)
(0.0504 0.008125 0)
(0.051 0.008125 0)
(0.0516 0.008125 0)
(0.0522 0.008125 0)
(0.0528 0.008125 0)
(0.0534 0.008125 0)
(0.054 0.008125 0)
(0.0546 0.008125 0)
(0.0552 0.008125 0)
(0.0558 0.008125 0)
(0.0564 0.008125 0)
(0.057 0.008125 0)
(0.0576 0.008125 0)
(0.0582 0.008125 0)
(0.0588 0.008125 0)
(0.0594 0.008125 0)
(0.06 0.008125 0)
(0 0.00875 0)
(0.0006 0.00875 0)
(0.0012 0.00875 0)
(0.0018 0.00875 0)
(0.0024 0.00875 0)
(0.003 0.00875 0)
(0.0036 0.00875 0)
(0.0042 0.00875 0)
(0.0048 0.00875 0)
(0.0054 0.00875 0)
(0.006 0.00875 0)
(0.0066 0.00875 0)
(0.0072 0.00875 0)
(0.0078 0.00875 0)
(0.0084 0.00875 0)
(0.009 0.00875 0)
(0.0096 0.00875 0)
(0.0102 0.00875 0)
(0.0108 0.00875 0)
(0.0114 0.00875 0)
(0.012 0.00875 0)
(0.0126 0.00875 0)
(0.0132 0.00875 0)
(0.0138 0.00875 0)
(0.0144 0.00875 0)
(0.015 0.00875 0)
(0.0156 0.00875 0)
(0.0162 0.00875 0)
(0.0168 0.00875 0)
(0.0174 0.00875 0)
(0.018 0.00875 0)
(0.0186 0.00875 0)
(0.0192 0.00875 0)
(0.0198 0.00875 0)
(0.0204 0.00875 0)
(0.021 0.00875 0)
(0.0216 0.00875 0)
(0.0222 0.00875 0)
(0.0228 0.00875 0)
(0.0234 0.00875 0)
(0.024 0.00875 0)
(0.0246 0.00875 0)
(0.0252 0.00875 0)
(0.0258 0.00875 0)
(0.0264 0.00875 0)
(0.027 0.00875 0)
(0.0276 0.00875 0)
(0.0282 0.00875 0)
(0.0288 0.00875 0)
(0.0294 0.00875 0)
(0.03 0.00875 0)
(0.0306 0.00875 0)
(0.0312 0.00875 0)
(0.0318 0.00875 0)
(0.0324 0.00875 0)
(0.033 0.00875 0)
(0.0336 0.00875 0)
(0.0342 0.00875 0)
(0.0348 0.00875 0)
(0.0354 0.00875 0)
(0.036 0.00875 0)
(0.0366 0.00875 0)
(0.0372 0.00875 0)
(0.0378 0.00875 0)
(0.0384 0.00875 0)
(0.039 0.00875 0)
(0.0396 0.00875 0)
(0.0402 0.00875 0)
(0.0408 0.00875 0)
(0.0414 0.00875 0)
(0.042 0.00875 0)
(0.0426 0.00875 0)
(0.0432 0.00875 0)
(0.0438 0.00875 0)
(0.0444 0.00875 0)
(0.045 0.00875 0)
(0.0456 0.00875 0)
(0.0462 0.00875 0)
(0.0468 0.00875 0)
(0.0474 0.00875 0)
(0.048 0.00875 0)
(0.0486 0.00875 0)
(0.0492 0.00875 0)
(0.0498 0.00875 0)
(0.0504 0.00875 0)
(0.051 0.00875 0)
(0.0516 0.00875 0)
(0.0522 0.00875 0)
(0.0528 0.00875 0)
(0.0534 0.00875 0)
(0.054 0.00875 0)
(0.0546 0.00875 0)
(0.0552 0.00875 0)
(0.0558 0.00875 0)
(0.0564 0.00875 0)
(0.057 0.00875 0)
(0.0576 0.00875 0)
(0.0582 0.00875 0)
(0.0588 0.00875 0)
(0.0594 0.00875 0)
(0.06 0.00875 0)
(0 0.009375 0)
(0.0006 0.009375 0)
(0.0012 0.009375 0)
(0.0018 0.009375 0)
(0.0024 0.009375 0)
(0.003 0.009375 0)
(0.0036 0.009375 0)
(0.0042 0.009375 0)
(0.0048 0.009375 0)
(0.0054 0.009375 0)
(0.006 0.009375 0)
(0.0066 0.009375 0)
(0.0072 0.009375 0)
(0.0078 0.009375 0)
(0.0084 0.009375 0)
(0.009 0.009375 0)
(0.0096 0.009375 0)
(0.0102 0.009375 0)
(0.0108 0.009375 0)
(0.0114 0.009375 0)
(0.012 0.009375 0)
(0.0126 0.009375 0)
(0.0132 0.009375 0)
(0.0138 0.009375 0)
(0.0144 0.009375 0)
(0.015 0.009375 0)
(0.0156 0.009375 0)
(0.0162 0.009375 0)
(0.0168 0.009375 0)
(0.0174 0.009375 0)
(0.018 0.009375 0)
(0.0186 0.009375 0)
(0.0192 0.009375 0)
(0.0198 0.009375 0)
(0.0204 0.009375 0)
(0.021 0.009375 0)
(0.0216 0.009375 0)
(0.0222 0.009375 0)
(0.0228 0.009375 0)
(0.0234 0.009375 0)
(0.024 0.009375 0)
(0.0246 0.009375 0)
(0.0252 0.009375 0)
(0.0258 0.009375 0)
(0.0264 0.009375 0)
(0.027 0.009375 0)
(0.0276 0.009375 0)
(0.0282 0.009375 0)
(0.0288 0.009375 0)
(0.0294 0.009375 0)
(0.03 0.009375 0)
(0.0306 0.009375 0)
(0.0312 0.009375 0)
(0.0318 0.009375 0)
(0.0324 0.009375 0)
(0.033 0.009375 0)
(0.0336 0.009375 0)
(0.0342 0.009375 0)
(0.0348 0.009375 0)
(0.0354 0.009375 0)
(0.036 0.009375 0)
(0.0366 0.009375 0)
(0.0372 0.009375 0)
(0.0378 0.009375 0)
(0.0384 0.009375 0)
(0.039 0.009375 0)
(0.0396 0.009375 0)
(0.0402 0.009375 0)
(0.0408 0.009375 0)
(0.0414 0.009375 0)
(0.042 0.009375 0)
(0.0426 0.009375 0)
(0.0432 0.009375 0)
(0.0438 0.009375 0)
(0.0444 0.009375 0)
(0.045 0.009375 0)
(0.0456 0.009375 0)
(0.0462 0.009375 0)
(0.0468 0.009375 0)
(0.0474 0.009375 0)
(0.048 0.009375 0)
(0.0486 0.009375 0)
(0.0492 0.009375 0)
(0.0498 0.009375 0)
(0.0504 0.009375 0)
(0.051 0.009375 0)
(0.0516 0.009375 0)
(0.0522 0.009375 0)
(0.0528 0.009375 0)
(0.0534 0.009375 0)
(0.054 0.009375 0)
(0.0546 0.009375 0)
(0.0552 0.009375 0)
(0.0558 0.009375 0)
(0.0564 0.009375 0)
(0.057 0.009375 0)
(0.0576 0.009375 0)
(0.0582 0.009375 0)
(0.0588 0.009375 0)
(0.0594 0.009375 0)
(0.06 0.009375 0)
(0 0.01 0)
(0.0006 0.01 0)
(0.0012 0.01 0)
(0.0018 0.01 0)
(0.0024 0.01 0)
(0.003 0.01 0)
(0.0036 0.01 0)
(0.0042 0.01 0)
(0.0048 0.01 0)
(0.0054 0.01 0)
(0.006 0.01 0)
(0.0066 0.01 0)
(0.0072 0.01 0)
(0.0078 0.01 0)
(0.0084 0.01 0)
(0.009 0.01 0)
(0.0096 0.01 0)
(0.0102 0.01 0)
(0.0108 0.01 0)
(0.0114 0.01 0)
(0.012 0.01 0)
(0.0126 0.01 0)
(0.0132 0.01 0)
(0.0138 0.01 0)
(0.0144 0.01 0)
(0.015 0.01 0)
(0.0156 0.01 0)
(0.0162 0.01 0)
(0.0168 0.01 0)
(0.0174 0.01 0)
(0.018 0.01 0)
(0.0186 0.01 0)
(0.0192 0.01 0)
(0.0198 0.01 0)
(0.0204 0.01 0)
(0.021 0.01 0)
(0.0216 0.01 0)
(0.0222 0.01 0)
(0.0228 0.01 0)
(0.0234 0.01 0)
(0.024 0.01 0)
(0.0246 0.01 0)
(0.0252 0.01 0)
(0.0258 0.01 0)
(0.0264 0.01 0)
(0.027 0.01 0)
(0.0276 0.01 0)
(0.0282 0.01 0)
(0.0288 0.01 0)
(0.0294 0.01 0)
(0.03 0.01 0)
(0.0306 0.01 0)
(0.0312 0.01 0)
(0.0318 0.01 0)
(0.0324 0.01 0)
(0.033 0.01 0)
(0.0336 0.01 0)
(0.0342 0.01 0)
(0.0348 0.01 0)
(0.0354 0.01 0)
(0.036 0.01 0)
(0.0366 0.01 0)
(0.0372 0.01 0)
(0.0378 0.01 0)
(0.0384 0.01 0)
(0.039 0.01 0)
(0.0396 0.01 0)
(0.0402 0.01 0)
(0.0408 0.01 0)
(0.0414 0.01 0)
(0.042 0.01 0)
(0.0426 0.01 0)
(0.0432 0.01 0)
(0.0438 0.01 0)
(0.0444 0.01 0)
(0.045 0.01 0)
(0.0456 0.01 0)
(0.0462 0.01 0)
(0.0468 0.01 0)
(0.0474 0.01 0)
(0.048 0.01 0)
(0.0486 0.01 0)
(0.0492 0.01 0)
(0.0498 0.01 0)
(0.0504 0.01 0)
(0.051 0.01 0)
(0.0516 0.01 0)
(0.0522 0.01 0)
(0.0528 0.01 0)
(0.0534 0.01 0)
(0.054 0.01 0)
(0.0546 0.01 0)
(0.0552 0.01 0)
(0.0558 0.01 0)
(0.0564 0.01 0)
(0.057 0.01 0)
(0.0576 0.01 0)
(0.0582 0.01 0)
(0.0588 0.01 0)
(0.0594 0.01 0)
(0.06 0.01 0)
(0 0 5.5e-05)
(0.0006 0 5.5e-05)
(0.0012 0 5.5e-05)
(0.0018 0 5.5e-05)
(0.0024 0 5.5e-05)
(0.003 0 5.5e-05)
(0.0036 0 5.5e-05)
(0.0042 0 5.5e-05)
(0.0048 0 5.5e-05)
(0.0054 0 5.5e-05)
(0.006 0 5.5e-05)
(0.0066 0 5.5e-05)
(0.0072 0 5.5e-05)
(0.0078 0 5.5e-05)
(0.0084 0 5.5e-05)
(0.009 0 5.5e-05)
(0.0096 0 5.5e-05)
(0.0102 0 5.5e-05)
(0.0108 0 5.5e-05)
(0.0114 0 5.5e-05)
(0.012 0 5.5e-05)
(0.0126 0 5.5e-05)
(0.0132 0 5.5e-05)
(0.0138 0 5.5e-05)
(0.0144 0 5.5e-05)
(0.015 0 5.5e-05)
(0.0156 0 5.5e-05)
(0.0162 0 5.5e-05)
(0.0168 0 5.5e-05)
(0.0174 0 5.5e-05)
(0.018 0 5.5e-05)
(0.0186 0 5.5e-05)
(0.0192 0 5.5e-05)
(0.0198 0 5.5e-05)
(0.0204 0 5.5e-05)
(0.021 0 5.5e-05)
(0.0216 0 5.5e-05)
(0.0222 0 5.5e-05)
(0.0228 0 5.5e-05)
(0.0234 0 5.5e-05)
(0.024 0 5.5e-05)
(0.0246 0 5.5e-05)
(0.0252 0 5.5e-05)
(0.0258 0 5.5e-05)
(0.0264 0 5.5e-05)
(0.027 0 5.5e-05)
(0.0276 0 5.5e-05)
(0.0282 0 5.5e-05)
(0.0288 0 5.5e-05)
(0.0294 0 5.5e-05)
(0.03 0 5.5e-05)
(0.0306 0 5.5e-05)
(0.0312 0 5.5e-05)
(0.0318 0 5.5e-05)
(0.0324 0 5.5e-05)
(0.033 0 5.5e-05)
(0.0336 0 5.5e-05)
(0.0342 0 5.5e-05)
(0.0348 0 5.5e-05)
(0.0354 0 5.5e-05)
(0.036 0 5.5e-05)
(0.0366 0 5.5e-05)
(0.0372 0 5.5e-05)
(0.0378 0 5.5e-05)
(0.0384 0 5.5e-05)
(0.039 0 5.5e-05)
(0.0396 0 5.5e-05)
(0.0402 0 5.5e-05)
(0.0408 0 5.5e-05)
(0.0414 0 5.5e-05)
(0.042 0 5.5e-05)
(0.0426 0 5.5e-05)
(0.0432 0 5.5e-05)
(0.0438 0 5.5e-05)
(0.0444 0 5.5e-05)
(0.045 0 5.5e-05)
(0.0456 0 5.5e-05)
(0.0462 0 5.5e-05)
(0.0468 0 5.5e-05)
(0.0474 0 5.5e-05)
(0.048 0 5.5e-05)
(0.0486 0 5.5e-05)
(0.0492 0 5.5e-05)
(0.0498 0 5.5e-05)
(0.0504 0 5.5e-05)
(0.051 0 5.5e-05)
(0.0516 0 5.5e-05)
(0.0522 0 5.5e-05)
(0.0528 0 5.5e-05)
(0.0534 0 5.5e-05)
(0.054 0 5.5e-05)
(0.0546 0 5.5e-05)
(0.0552 0 5.5e-05)
(0.0558 0 5.5e-05)
(0.0564 0 5.5e-05)
(0.057 0 5.5e-05)
(0.0576 0 5.5e-05)
(0.0582 0 5.5e-05)
(0.0588 0 5.5e-05)
(0.0594 0 5.5e-05)
(0.06 0 5.5e-05)
(0 0.000625 5.5e-05)
(0.0006 0.000625 5.5e-05)
(0.0012 0.000625 5.5e-05)
(0.0018 0.000625 5.5e-05)
(0.0024 0.000625 5.5e-05)
(0.003 0.000625 5.5e-05)
(0.0036 0.000625 5.5e-05)
(0.0042 0.000625 5.5e-05)
(0.0048 0.000625 5.5e-05)
(0.0054 0.000625 5.5e-05)
(0.006 0.000625 5.5e-05)
(0.0066 0.000625 5.5e-05)
(0.0072 0.000625 5.5e-05)
(0.0078 0.000625 5.5e-05)
(0.0084 0.000625 5.5e-05)
(0.009 0.000625 5.5e-05)
(0.0096 0.000625 5.5e-05)
(0.0102 0.000625 5.5e-05)
(0.0108 0.000625 5.5e-05)
(0.0114 0.000625 5.5e-05)
(0.012 0.000625 5.5e-05)
(0.0126 0.000625 5.5e-05)
(0.0132 0.000625 5.5e-05)
(0.0138 0.000625 5.5e-05)
(0.0144 0.000625 5.5e-05)
(0.015 0.000625 5.5e-05)
(0.0156 0.000625 5.5e-05)
(0.0162 0.000625 5.5e-05)
(0.0168 0.000625 5.5e-05)
(0.0174 0.000625 5.5e-05)
(0.018 0.000625 5.5e-05)
(0.0186 0.000625 5.5e-05)
(0.0192 0.000625 5.5e-05)
(0.0198 0.000625 5.5e-05)
(0.0204 0.000625 5.5e-05)
(0.021 0.000625 5.5e-05)
(0.0216 0.000625 5.5e-05)
(0.0222 0.000625 5.5e-05)
(0.0228 0.000625 5.5e-05)
(0.0234 0.000625 5.5e-05)
(0.024 0.000625 5.5e-05)
(0.0246 0.000625 5.5e-05)
(0.0252 0.000625 5.5e-05)
(0.0258 0.000625 5.5e-05)
(0.0264 0.000625 5.5e-05)
(0.027 0.000625 5.5e-05)
(0.0276 0.000625 5.5e-05)
(0.0282 0.000625 5.5e-05)
(0.0288 0.000625 5.5e-05)
(0.0294 0.000625 5.5e-05)
(0.03 0.000625 5.5e-05)
(0.0306 0.000625 5.5e-05)
(0.0312 0.000625 5.5e-05)
(0.0318 0.000625 5.5e-05)
(0.0324 0.000625 5.5e-05)
(0.033 0.000625 5.5e-05)
(0.0336 0.000625 5.5e-05)
(0.0342 0.000625 5.5e-05)
(0.0348 0.000625 5.5e-05)
(0.0354 0.000625 5.5e-05)
(0.036 0.000625 5.5e-05)
(0.0366 0.000625 5.5e-05)
(0.0372 0.000625 5.5e-05)
(0.0378 0.000625 5.5e-05)
(0.0384 0.000625 5.5e-05)
(0.039 0.000625 5.5e-05)
(0.0396 0.000625 5.5e-05)
(0.0402 0.000625 5.5e-05)
(0.0408 0.000625 5.5e-05)
(0.0414 0.000625 5.5e-05)
(0.042 0.000625 5.5e-05)
(0.0426 0.000625 5.5e-05)
(0.0432 0.000625 5.5e-05)
(0.0438 0.000625 5.5e-05)
(0.0444 0.000625 5.5e-05)
(0.045 0.000625 5.5e-05)
(0.0456 0.000625 5.5e-05)
(0.0462 0.000625 5.5e-05)
(0.0468 0.000625 5.5e-05)
(0.0474 0.000625 5.5e-05)
(0.048 0.000625 5.5e-05)
(0.0486 0.000625 5.5e-05)
(0.0492 0.000625 5.5e-05)
(0.0498 0.000625 5.5e-05)
(0.0504 0.000625 5.5e-05)
(0.051 0.000625 5.5e-05)
(0.0516 0.000625 5.5e-05)
(0.0522 0.000625 5.5e-05)
(0.0528 0.000625 5.5e-05)
(0.0534 0.000625 5.5e-05)
(0.054 0.000625 5.5e-05)
(0.0546 0.000625 5.5e-05)
(0.0552 0.000625 5.5e-05)
(0.0558 0.000625 5.5e-05)
(0.0564 0.000625 5.5e-05)
(0.057 0.000625 5.5e-05)
(0.0576 0.000625 5.5e-05)
(0.0582 0.000625 5.5e-05)
(0.0588 0.000625 5.5e-05)
(0.0594 0.000625 5.5e-05)
(0.06 0.000625 5.5e-05)
(0 0.00125 5.5e-05)
(0.0006 0.00125 5.5e-05)
(0.0012 0.00125 5.5e-05)
(0.0018 0.00125 5.5e-05)
(0.0024 0.00125 5.5e-05)
(0.003 0.00125 5.5e-05)
(0.0036 0.00125 5.5e-05)
(0.0042 0.00125 5.5e-05)
(0.0048 0.00125 5.5e-05)
(0.0054 0.00125 5.5e-05)
(0.006 0.00125 5.5e-05)
(0.0066 0.00125 5.5e-05)
(0.0072 0.00125 5.5e-05)
(0.0078 0.00125 5.5e-05)
(0.0084 0.00125 5.5e-05)
(0.009 0.00125 5.5e-05)
(0.0096 0.00125 5.5e-05)
(0.0102 0.00125 5.5e-05)
(0.0108 0.00125 5.5e-05)
(0.0114 0.00125 5.5e-05)
(0.012 0.00125 5.5e-05)
(0.0126 0.00125 5.5e-05)
(0.0132 0.00125 5.5e-05)
(0.0138 0.00125 5.5e-05)
(0.0144 0.00125 5.5e-05)
(0.015 0.00125 5.5e-05)
(0.0156 0.00125 5.5e-05)
(0.0162 0.00125 5.5e-05)
(0.0168 0.00125 5.5e-05)
(0.0174 0.00125 5.5e-05)
(0.018 0.00125 5.5e-05)
(0.0186 0.00125 5.5e-05)
(0.0192 0.00125 5.5e-05)
(0.0198 0.00125 5.5e-05)
(0.0204 0.00125 5.5e-05)
(0.021 0.00125 5.5e-05)
(0.0216 0.00125 5.5e-05)
(0.0222 0.00125 5.5e-05)
(0.0228 0.00125 5.5e-05)
(0.0234 0.00125 5.5e-05)
(0.024 0.00125 5.5e-05)
(0.0246 0.00125 5.5e-05)
(0.0252 0.00125 5.5e-05)
(0.0258 0.00125 5.5e-05)
(0.0264 0.00125 5.5e-05)
(0.027 0.00125 5.5e-05)
(0.0276 0.00125 5.5e-05)
(0.0282 0.00125 5.5e-05)
(0.0288 0.00125 5.5e-05)
(0.0294 0.00125 5.5e-05)
(0.03 0.00125 5.5e-05)
(0.0306 0.00125 5.5e-05)
(0.0312 0.00125 5.5e-05)
(0.0318 0.00125 5.5e-05)
(0.0324 0.00125 5.5e-05)
(0.033 0.00125 5.5e-05)
(0.0336 0.00125 5.5e-05)
(0.0342 0.00125 5.5e-05)
(0.0348 0.00125 5.5e-05)
(0.0354 0.00125 5.5e-05)
(0.036 0.00125 5.5e-05)
(0.0366 0.00125 5.5e-05)
(0.0372 0.00125 5.5e-05)
(0.0378 0.00125 5.5e-05)
(0.0384 0.00125 5.5e-05)
(0.039 0.00125 5.5e-05)
(0.0396 0.00125 5.5e-05)
(0.0402 0.00125 5.5e-05)
(0.0408 0.00125 5.5e-05)
(0.0414 0.00125 5.5e-05)
(0.042 0.00125 5.5e-05)
(0.0426 0.00125 5.5e-05)
(0.0432 0.00125 5.5e-05)
(0.0438 0.00125 5.5e-05)
(0.0444 0.00125 5.5e-05)
(0.045 0.00125 5.5e-05)
(0.0456 0.00125 5.5e-05)
(0.0462 0.00125 5.5e-05)
(0.0468 0.00125 5.5e-05)
(0.0474 0.00125 5.5e-05)
(0.048 0.00125 5.5e-05)
(0.0486 0.00125 5.5e-05)
(0.0492 0.00125 5.5e-05)
(0.0498 0.00125 5.5e-05)
(0.0504 0.00125 5.5e-05)
(0.051 0.00125 5.5e-05)
(0.0516 0.00125 5.5e-05)
(0.0522 0.00125 5.5e-05)
(0.0528 0.00125 5.5e-05)
(0.0534 0.00125 5.5e-05)
(0.054 0.00125 5.5e-05)
(0.0546 0.00125 5.5e-05)
(0.0552 0.00125 5.5e-05)
(0.0558 0.00125 5.5e-05)
(0.0564 0.00125 5.5e-05)
(0.057 0.00125 5.5e-05)
(0.0576 0.00125 5.5e-05)
(0.0582 0.00125 5.5e-05)
(0.0588 0.00125 5.5e-05)
(0.0594 0.00125 5.5e-05)
(0.06 0.00125 5.5e-05)
(0 0.001875 5.5e-05)
(0.0006 0.001875 5.5e-05)
(0.0012 0.001875 5.5e-05)
(0.0018 0.001875 5.5e-05)
(0.0024 0.001875 5.5e-05)
(0.003 0.001875 5.5e-05)
(0.0036 0.001875 5.5e-05)
(0.0042 0.001875 5.5e-05)
(0.0048 0.001875 5.5e-05)
(0.0054 0.001875 5.5e-05)
(0.006 0.001875 5.5e-05)
(0.0066 0.001875 5.5e-05)
(0.0072 0.001875 5.5e-05)
(0.0078 0.001875 5.5e-05)
(0.0084 0.001875 5.5e-05)
(0.009 0.001875 5.5e-05)
(0.0096 0.001875 5.5e-05)
(0.0102 0.001875 5.5e-05)
(0.0108 0.001875 5.5e-05)
(0.0114 0.001875 5.5e-05)
(0.012 0.001875 5.5e-05)
(0.0126 0.001875 5.5e-05)
(0.0132 0.001875 5.5e-05)
(0.0138 0.001875 5.5e-05)
(0.0144 0.001875 5.5e-05)
(0.015 0.001875 5.5e-05)
(0.0156 0.001875 5.5e-05)
(0.0162 0.001875 5.5e-05)
(0.0168 0.001875 5.5e-05)
(0.0174 0.001875 5.5e-05)
(0.018 0.001875 5.5e-05)
(0.0186 0.001875 5.5e-05)
(0.0192 0.001875 5.5e-05)
(0.0198 0.001875 5.5e-05)
(0.0204 0.001875 5.5e-05)
(0.021 0.001875 5.5e-05)
(0.0216 0.001875 5.5e-05)
(0.0222 0.001875 5.5e-05)
(0.0228 0.001875 5.5e-05)
(0.0234 0.001875 5.5e-05)
(0.024 0.001875 5.5e-05)
(0.0246 0.001875 5.5e-05)
(0.0252 0.001875 5.5e-05)
(0.0258 0.001875 5.5e-05)
(0.0264 0.001875 5.5e-05)
(0.027 0.001875 5.5e-05)
(0.0276 0.001875 5.5e-05)
(0.0282 0.001875 5.5e-05)
(0.0288 0.001875 5.5e-05)
(0.0294 0.001875 5.5e-05)
(0.03 0.001875 5.5e-05)
(0.0306 0.001875 5.5e-05)
(0.0312 0.001875 5.5e-05)
(0.0318 0.001875 5.5e-05)
(0.0324 0.001875 5.5e-05)
(0.033 0.001875 5.5e-05)
(0.0336 0.001875 5.5e-05)
(0.0342 0.001875 5.5e-05)
(0.0348 0.001875 5.5e-05)
(0.0354 0.001875 5.5e-05)
(0.036 0.001875 5.5e-05)
(0.0366 0.001875 5.5e-05)
(0.0372 0.001875 5.5e-05)
(0.0378 0.001875 5.5e-05)
(0.0384 0.001875 5.5e-05)
(0.039 0.001875 5.5e-05)
(0.0396 0.001875 5.5e-05)
(0.0402 0.001875 5.5e-05)
(0.0408 0.001875 5.5e-05)
(0.0414 0.001875 5.5e-05)
(0.042 0.001875 5.5e-05)
(0.0426 0.001875 5.5e-05)
(0.0432 0.001875 5.5e-05)
(0.0438 0.001875 5.5e-05)
(0.0444 0.001875 5.5e-05)
(0.045 0.001875 5.5e-05)
(0.0456 0.001875 5.5e-05)
(0.0462 0.001875 5.5e-05)
(0.0468 0.001875 5.5e-05)
(0.0474 0.001875 5.5e-05)
(0.048 0.001875 5.5e-05)
(0.0486 0.001875 5.5e-05)
(0.0492 0.001875 5.5e-05)
(0.0498 0.001875 5.5e-05)
(0.0504 0.001875 5.5e-05)
(0.051 0.001875 5.5e-05)
(0.0516 0.001875 5.5e-05)
(0.0522 0.001875 5.5e-05)
(0.0528 0.001875 5.5e-05)
(0.0534 0.001875 5.5e-05)
(0.054 0.001875 5.5e-05)
(0.0546 0.001875 5.5e-05)
(0.0552 0.001875 5.5e-05)
(0.0558 0.001875 5.5e-05)
(0.0564 0.001875 5.5e-05)
(0.057 0.001875 5.5e-05)
(0.0576 0.001875 5.5e-05)
(0.0582 0.001875 5.5e-05)
(0.0588 0.001875 5.5e-05)
(0.0594 0.001875 5.5e-05)
(0.06 0.001875 5.5e-05)
(0 0.0025 5.5e-05)
(0.0006 0.0025 5.5e-05)
(0.0012 0.0025 5.5e-05)
(0.0018 0.0025 5.5e-05)
(0.0024 0.0025 5.5e-05)
(0.003 0.0025 5.5e-05)
(0.0036 0.0025 5.5e-05)
(0.0042 0.0025 5.5e-05)
(0.0048 0.0025 5.5e-05)
(0.0054 0.0025 5.5e-05)
(0.006 0.0025 5.5e-05)
(0.0066 0.0025 5.5e-05)
(0.0072 0.0025 5.5e-05)
(0.0078 0.0025 5.5e-05)
(0.0084 0.0025 5.5e-05)
(0.009 0.0025 5.5e-05)
(0.0096 0.0025 5.5e-05)
(0.0102 0.0025 5.5e-05)
(0.0108 0.0025 5.5e-05)
(0.0114 0.0025 5.5e-05)
(0.012 0.0025 5.5e-05)
(0.0126 0.0025 5.5e-05)
(0.0132 0.0025 5.5e-05)
(0.0138 0.0025 5.5e-05)
(0.0144 0.0025 5.5e-05)
(0.015 0.0025 5.5e-05)
(0.0156 0.0025 5.5e-05)
(0.0162 0.0025 5.5e-05)
(0.0168 0.0025 5.5e-05)
(0.0174 0.0025 5.5e-05)
(0.018 0.0025 5.5e-05)
(0.0186 0.0025 5.5e-05)
(0.0192 0.0025 5.5e-05)
(0.0198 0.0025 5.5e-05)
(0.0204 0.0025 5.5e-05)
(0.021 0.0025 5.5e-05)
(0.0216 0.0025 5.5e-05)
(0.0222 0.0025 5.5e-05)
(0.0228 0.0025 5.5e-05)
(0.0234 0.0025 5.5e-05)
(0.024 0.0025 5.5e-05)
(0.0246 0.0025 5.5e-05)
(0.0252 0.0025 5.5e-05)
(0.0258 0.0025 5.5e-05)
(0.0264 0.0025 5.5e-05)
(0.027 0.0025 5.5e-05)
(0.0276 0.0025 5.5e-05)
(0.0282 0.0025 5.5e-05)
(0.0288 0.0025 5.5e-05)
(0.0294 0.0025 5.5e-05)
(0.03 0.0025 5.5e-05)
(0.0306 0.0025 5.5e-05)
(0.0312 0.0025 5.5e-05)
(0.0318 0.0025 5.5e-05)
(0.0324 0.0025 5.5e-05)
(0.033 0.0025 5.5e-05)
(0.0336 0.0025 5.5e-05)
(0.0342 0.0025 5.5e-05)
(0.0348 0.0025 5.5e-05)
(0.0354 0.0025 5.5e-05)
(0.036 0.0025 5.5e-05)
(0.0366 0.0025 5.5e-05)
(0.0372 0.0025 5.5e-05)
(0.0378 0.0025 5.5e-05)
(0.0384 0.0025 5.5e-05)
(0.039 0.0025 5.5e-05)
(0.0396 0.0025 5.5e-05)
(0.0402 0.0025 5.5e-05)
(0.0408 0.0025 5.5e-05)
(0.0414 0.0025 5.5e-05)
(0.042 0.0025 5.5e-05)
(0.0426 0.0025 5.5e-05)
(0.0432 0.0025 5.5e-05)
(0.0438 0.0025 5.5e-05)
(0.0444 0.0025 5.5e-05)
(0.045 0.0025 5.5e-05)
(0.0456 0.0025 5.5e-05)
(0.0462 0.0025 5.5e-05)
(0.0468 0.0025 5.5e-05)
(0.0474 0.0025 5.5e-05)
(0.048 0.0025 5.5e-05)
(0.0486 0.0025 5.5e-05)
(0.0492 0.0025 5.5e-05)
(0.0498 0.0025 5.5e-05)
(0.0504 0.0025 5.5e-05)
(0.051 0.0025 5.5e-05)
(0.0516 0.0025 5.5e-05)
(0.0522 0.0025 5.5e-05)
(0.0528 0.0025 5.5e-05)
(0.0534 0.0025 5.5e-05)
(0.054 0.0025 5.5e-05)
(0.0546 0.0025 5.5e-05)
(0.0552 0.0025 5.5e-05)
(0.0558 0.0025 5.5e-05)
(0.0564 0.0025 5.5e-05)
(0.057 0.0025 5.5e-05)
(0.0576 0.0025 5.5e-05)
(0.0582 0.0025 5.5e-05)
(0.0588 0.0025 5.5e-05)
(0.0594 0.0025 5.5e-05)
(0.06 0.0025 5.5e-05)
(0 0.003125 5.5e-05)
(0.0006 0.003125 5.5e-05)
(0.0012 0.003125 5.5e-05)
(0.0018 0.003125 5.5e-05)
(0.0024 0.003125 5.5e-05)
(0.003 0.003125 5.5e-05)
(0.0036 0.003125 5.5e-05)
(0.0042 0.003125 5.5e-05)
(0.0048 0.003125 5.5e-05)
(0.0054 0.003125 5.5e-05)
(0.006 0.003125 5.5e-05)
(0.0066 0.003125 5.5e-05)
(0.0072 0.003125 5.5e-05)
(0.0078 0.003125 5.5e-05)
(0.0084 0.003125 5.5e-05)
(0.009 0.003125 5.5e-05)
(0.0096 0.003125 5.5e-05)
(0.0102 0.003125 5.5e-05)
(0.0108 0.003125 5.5e-05)
(0.0114 0.003125 5.5e-05)
(0.012 0.003125 5.5e-05)
(0.0126 0.003125 5.5e-05)
(0.0132 0.003125 5.5e-05)
(0.0138 0.003125 5.5e-05)
(0.0144 0.003125 5.5e-05)
(0.015 0.003125 5.5e-05)
(0.0156 0.003125 5.5e-05)
(0.0162 0.003125 5.5e-05)
(0.0168 0.003125 5.5e-05)
(0.0174 0.003125 5.5e-05)
(0.018 0.003125 5.5e-05)
(0.0186 0.003125 5.5e-05)
(0.0192 0.003125 5.5e-05)
(0.0198 0.003125 5.5e-05)
(0.0204 0.003125 5.5e-05)
(0.021 0.003125 5.5e-05)
(0.0216 0.003125 5.5e-05)
(0.0222 0.003125 5.5e-05)
(0.0228 0.003125 5.5e-05)
(0.0234 0.003125 5.5e-05)
(0.024 0.003125 5.5e-05)
(0.0246 0.003125 5.5e-05)
(0.0252 0.003125 5.5e-05)
(0.0258 0.003125 5.5e-05)
(0.0264 0.003125 5.5e-05)
(0.027 0.003125 5.5e-05)
(0.0276 0.003125 5.5e-05)
(0.0282 0.003125 5.5e-05)
(0.0288 0.003125 5.5e-05)
(0.0294 0.003125 5.5e-05)
(0.03 0.003125 5.5e-05)
(0.0306 0.003125 5.5e-05)
(0.0312 0.003125 5.5e-05)
(0.0318 0.003125 5.5e-05)
(0.0324 0.003125 5.5e-05)
(0.033 0.003125 5.5e-05)
(0.0336 0.003125 5.5e-05)
(0.0342 0.003125 5.5e-05)
(0.0348 0.003125 5.5e-05)
(0.0354 0.003125 5.5e-05)
(0.036 0.003125 5.5e-05)
(0.0366 0.003125 5.5e-05)
(0.0372 0.003125 5.5e-05)
(0.0378 0.003125 5.5e-05)
(0.0384 0.003125 5.5e-05)
(0.039 0.003125 5.5e-05)
(0.0396 0.003125 5.5e-05)
(0.0402 0.003125 5.5e-05)
(0.0408 0.003125 5.5e-05)
(0.0414 0.003125 5.5e-05)
(0.042 0.003125 5.5e-05)
(0.0426 0.003125 5.5e-05)
(0.0432 0.003125 5.5e-05)
(0.0438 0.003125 5.5e-05)
(0.0444 0.003125 5.5e-05)
(0.045 0.003125 5.5e-05)
(0.0456 0.003125 5.5e-05)
(0.0462 0.003125 5.5e-05)
(0.0468 0.003125 5.5e-05)
(0.0474 0.003125 5.5e-05)
(0.048 0.003125 5.5e-05)
(0.0486 0.003125 5.5e-05)
(0.0492 0.003125 5.5e-05)
(0.0498 0.003125 5.5e-05)
(0.0504 0.003125 5.5e-05)
(0.051 0.003125 5.5e-05)
(0.0516 0.003125 5.5e-05)
(0.0522 0.003125 5.5e-05)
(0.0528 0.003125 5.5e-05)
(0.0534 0.003125 5.5e-05)
(0.054 0.003125 5.5e-05)
(0.0546 0.003125 5.5e-05)
(0.0552 0.003125 5.5e-05)
(0.0558 0.003125 5.5e-05)
(0.0564 0.003125 5.5e-05)
(0.057 0.003125 5.5e-05)
(0.0576 0.003125 5.5e-05)
(0.0582 0.003125 5.5e-05)
(0.0588 0.003125 5.5e-05)
(0.0594 0.003125 5.5e-05)
(0.06 0.003125 5.5e-05)
(0 0.00375 5.5e-05)
(0.0006 0.00375 5.5e-05)
(0.0012 0.00375 5.5e-05)
(0.0018 0.00375 5.5e-05)
(0.0024 0.00375 5.5e-05)
(0.003 0.00375 5.5e-05)
(0.0036 0.00375 5.5e-05)
(0.0042 0.00375 5.5e-05)
(0.0048 0.00375 5.5e-05)
(0.0054 0.00375 5.5e-05)
(0.006 0.00375 5.5e-05)
(0.0066 0.00375 5.5e-05)
(0.0072 0.00375 5.5e-05)
(0.0078 0.00375 5.5e-05)
(0.0084 0.00375 5.5e-05)
(0.009 0.00375 5.5e-05)
(0.0096 0.00375 5.5e-05)
(0.0102 0.00375 5.5e-05)
(0.0108 0.00375 5.5e-05)
(0.0114 0.00375 5.5e-05)
(0.012 0.00375 5.5e-05)
(0.0126 0.00375 5.5e-05)
(0.0132 0.00375 5.5e-05)
(0.0138 0.00375 5.5e-05)
(0.0144 0.00375 5.5e-05)
(0.015 0.00375 5.5e-05)
(0.0156 0.00375 5.5e-05)
(0.0162 0.00375 5.5e-05)
(0.0168 0.00375 5.5e-05)
(0.0174 0.00375 5.5e-05)
(0.018 0.00375 5.5e-05)
(0.0186 0.00375 5.5e-05)
(0.0192 0.00375 5.5e-05)
(0.0198 0.00375 5.5e-05)
(0.0204 0.00375 5.5e-05)
(0.021 0.00375 5.5e-05)
(0.0216 0.00375 5.5e-05)
(0.0222 0.00375 5.5e-05)
(0.0228 0.00375 5.5e-05)
(0.0234 0.00375 5.5e-05)
(0.024 0.00375 5.5e-05)
(0.0246 0.00375 5.5e-05)
(0.0252 0.00375 5.5e-05)
(0.0258 0.00375 5.5e-05)
(0.0264 0.00375 5.5e-05)
(0.027 0.00375 5.5e-05)
(0.0276 0.00375 5.5e-05)
(0.0282 0.00375 5.5e-05)
(0.0288 0.00375 5.5e-05)
(0.0294 0.00375 5.5e-05)
(0.03 0.00375 5.5e-05)
(0.0306 0.00375 5.5e-05)
(0.0312 0.00375 5.5e-05)
(0.0318 0.00375 5.5e-05)
(0.0324 0.00375 5.5e-05)
(0.033 0.00375 5.5e-05)
(0.0336 0.00375 5.5e-05)
(0.0342 0.00375 5.5e-05)
(0.0348 0.00375 5.5e-05)
(0.0354 0.00375 5.5e-05)
(0.036 0.00375 5.5e-05)
(0.0366 0.00375 5.5e-05)
(0.0372 0.00375 5.5e-05)
(0.0378 0.00375 5.5e-05)
(0.0384 0.00375 5.5e-05)
(0.039 0.00375 5.5e-05)
(0.0396 0.00375 5.5e-05)
(0.0402 0.00375 5.5e-05)
(0.0408 0.00375 5.5e-05)
(0.0414 0.00375 5.5e-05)
(0.042 0.00375 5.5e-05)
(0.0426 0.00375 5.5e-05)
(0.0432 0.00375 5.5e-05)
(0.0438 0.00375 5.5e-05)
(0.0444 0.00375 5.5e-05)
(0.045 0.00375 5.5e-05)
(0.0456 0.00375 5.5e-05)
(0.0462 0.00375 5.5e-05)
(0.0468 0.00375 5.5e-05)
(0.0474 0.00375 5.5e-05)
(0.048 0.00375 5.5e-05)
(0.0486 0.00375 5.5e-05)
(0.0492 0.00375 5.5e-05)
(0.0498 0.00375 5.5e-05)
(0.0504 0.00375 5.5e-05)
(0.051 0.00375 5.5e-05)
(0.0516 0.00375 5.5e-05)
(0.0522 0.00375 5.5e-05)
(0.0528 0.00375 5.5e-05)
(0.0534 0.00375 5.5e-05)
(0.054 0.00375 5.5e-05)
(0.0546 0.00375 5.5e-05)
(0.0552 0.00375 5.5e-05)
(0.0558 0.00375 5.5e-05)
(0.0564 0.00375 5.5e-05)
(0.057 0.00375 5.5e-05)
(0.0576 0.00375 5.5e-05)
(0.0582 0.00375 5.5e-05)
(0.0588 0.00375 5.5e-05)
(0.0594 0.00375 5.5e-05)
(0.06 0.00375 5.5e-05)
(0 0.004375 5.5e-05)
(0.0006 0.004375 5.5e-05)
(0.0012 0.004375 5.5e-05)
(0.0018 0.004375 5.5e-05)
(0.0024 0.004375 5.5e-05)
(0.003 0.004375 5.5e-05)
(0.0036 0.004375 5.5e-05)
(0.0042 0.004375 5.5e-05)
(0.0048 0.004375 5.5e-05)
(0.0054 0.004375 5.5e-05)
(0.006 0.004375 5.5e-05)
(0.0066 0.004375 5.5e-05)
(0.0072 0.004375 5.5e-05)
(0.0078 0.004375 5.5e-05)
(0.0084 0.004375 5.5e-05)
(0.009 0.004375 5.5e-05)
(0.0096 0.004375 5.5e-05)
(0.0102 0.004375 5.5e-05)
(0.0108 0.004375 5.5e-05)
(0.0114 0.004375 5.5e-05)
(0.012 0.004375 5.5e-05)
(0.0126 0.004375 5.5e-05)
(0.0132 0.004375 5.5e-05)
(0.0138 0.004375 5.5e-05)
(0.0144 0.004375 5.5e-05)
(0.015 0.004375 5.5e-05)
(0.0156 0.004375 5.5e-05)
(0.0162 0.004375 5.5e-05)
(0.0168 0.004375 5.5e-05)
(0.0174 0.004375 5.5e-05)
(0.018 0.004375 5.5e-05)
(0.0186 0.004375 5.5e-05)
(0.0192 0.004375 5.5e-05)
(0.0198 0.004375 5.5e-05)
(0.0204 0.004375 5.5e-05)
(0.021 0.004375 5.5e-05)
(0.0216 0.004375 5.5e-05)
(0.0222 0.004375 5.5e-05)
(0.0228 0.004375 5.5e-05)
(0.0234 0.004375 5.5e-05)
(0.024 0.004375 5.5e-05)
(0.0246 0.004375 5.5e-05)
(0.0252 0.004375 5.5e-05)
(0.0258 0.004375 5.5e-05)
(0.0264 0.004375 5.5e-05)
(0.027 0.004375 5.5e-05)
(0.0276 0.004375 5.5e-05)
(0.0282 0.004375 5.5e-05)
(0.0288 0.004375 5.5e-05)
(0.0294 0.004375 5.5e-05)
(0.03 0.004375 5.5e-05)
(0.0306 0.004375 5.5e-05)
(0.0312 0.004375 5.5e-05)
(0.0318 0.004375 5.5e-05)
(0.0324 0.004375 5.5e-05)
(0.033 0.004375 5.5e-05)
(0.0336 0.004375 5.5e-05)
(0.0342 0.004375 5.5e-05)
(0.0348 0.004375 5.5e-05)
(0.0354 0.004375 5.5e-05)
(0.036 0.004375 5.5e-05)
(0.0366 0.004375 5.5e-05)
(0.0372 0.004375 5.5e-05)
(0.0378 0.004375 5.5e-05)
(0.0384 0.004375 5.5e-05)
(0.039 0.004375 5.5e-05)
(0.0396 0.004375 5.5e-05)
(0.0402 0.004375 5.5e-05)
(0.0408 0.004375 5.5e-05)
(0.0414 0.004375 5.5e-05)
(0.042 0.004375 5.5e-05)
(0.0426 0.004375 5.5e-05)
(0.0432 0.004375 5.5e-05)
(0.0438 0.004375 5.5e-05)
(0.0444 0.004375 5.5e-05)
(0.045 0.004375 5.5e-05)
(0.0456 0.004375 5.5e-05)
(0.0462 0.004375 5.5e-05)
(0.0468 0.004375 5.5e-05)
(0.0474 0.004375 5.5e-05)
(0.048 0.004375 5.5e-05)
(0.0486 0.004375 5.5e-05)
(0.0492 0.004375 5.5e-05)
(0.0498 0.004375 5.5e-05)
(0.0504 0.004375 5.5e-05)
(0.051 0.004375 5.5e-05)
(0.0516 0.004375 5.5e-05)
(0.0522 0.004375 5.5e-05)
(0.0528 0.004375 5.5e-05)
(0.0534 0.004375 5.5e-05)
(0.054 0.004375 5.5e-05)
(0.0546 0.004375 5.5e-05)
(0.0552 0.004375 5.5e-05)
(0.0558 0.004375 5.5e-05)
(0.0564 0.004375 5.5e-05)
(0.057 0.004375 5.5e-05)
(0.0576 0.004375 5.5e-05)
(0.0582 0.004375 5.5e-05)
(0.0588 0.004375 5.5e-05)
(0.0594 0.004375 5.5e-05)
(0.06 0.004375 5.5e-05)
(0 0.005 5.5e-05)
(0.0006 0.005 5.5e-05)
(0.0012 0.005 5.5e-05)
(0.0018 0.005 5.5e-05)
(0.0024 0.005 5.5e-05)
(0.003 0.005 5.5e-05)
(0.0036 0.005 5.5e-05)
(0.0042 0.005 5.5e-05)
(0.0048 0.005 5.5e-05)
(0.0054 0.005 5.5e-05)
(0.006 0.005 5.5e-05)
(0.0066 0.005 5.5e-05)
(0.0072 0.005 5.5e-05)
(0.0078 0.005 5.5e-05)
(0.0084 0.005 5.5e-05)
(0.009 0.005 5.5e-05)
(0.0096 0.005 5.5e-05)
(0.0102 0.005 5.5e-05)
(0.0108 0.005 5.5e-05)
(0.0114 0.005 5.5e-05)
(0.012 0.005 5.5e-05)
(0.0126 0.005 5.5e-05)
(0.0132 0.005 5.5e-05)
(0.0138 0.005 5.5e-05)
(0.0144 0.005 5.5e-05)
(0.015 0.005 5.5e-05)
(0.0156 0.005 5.5e-05)
(0.0162 0.005 5.5e-05)
(0.0168 0.005 5.5e-05)
(0.0174 0.005 5.5e-05)
(0.018 0.005 5.5e-05)
(0.0186 0.005 5.5e-05)
(0.0192 0.005 5.5e-05)
(0.0198 0.005 5.5e-05)
(0.0204 0.005 5.5e-05)
(0.021 0.005 5.5e-05)
(0.0216 0.005 5.5e-05)
(0.0222 0.005 5.5e-05)
(0.0228 0.005 5.5e-05)
(0.0234 0.005 5.5e-05)
(0.024 0.005 5.5e-05)
(0.0246 0.005 5.5e-05)
(0.0252 0.005 5.5e-05)
(0.0258 0.005 5.5e-05)
(0.0264 0.005 5.5e-05)
(0.027 0.005 5.5e-05)
(0.0276 0.005 5.5e-05)
(0.0282 0.005 5.5e-05)
(0.0288 0.005 5.5e-05)
(0.0294 0.005 5.5e-05)
(0.03 0.005 5.5e-05)
(0.0306 0.005 5.5e-05)
(0.0312 0.005 5.5e-05)
(0.0318 0.005 5.5e-05)
(0.0324 0.005 5.5e-05)
(0.033 0.005 5.5e-05)
(0.0336 0.005 5.5e-05)
(0.0342 0.005 5.5e-05)
(0.0348 0.005 5.5e-05)
(0.0354 0.005 5.5e-05)
(0.036 0.005 5.5e-05)
(0.0366 0.005 5.5e-05)
(0.0372 0.005 5.5e-05)
(0.0378 0.005 5.5e-05)
(0.0384 0.005 5.5e-05)
(0.039 0.005 5.5e-05)
(0.0396 0.005 5.5e-05)
(0.0402 0.005 5.5e-05)
(0.0408 0.005 5.5e-05)
(0.0414 0.005 5.5e-05)
(0.042 0.005 5.5e-05)
(0.0426 0.005 5.5e-05)
(0.0432 0.005 5.5e-05)
(0.0438 0.005 5.5e-05)
(0.0444 0.005 5.5e-05)
(0.045 0.005 5.5e-05)
(0.0456 0.005 5.5e-05)
(0.0462 0.005 5.5e-05)
(0.0468 0.005 5.5e-05)
(0.0474 0.005 5.5e-05)
(0.048 0.005 5.5e-05)
(0.0486 0.005 5.5e-05)
(0.0492 0.005 5.5e-05)
(0.0498 0.005 5.5e-05)
(0.0504 0.005 5.5e-05)
(0.051 0.005 5.5e-05)
(0.0516 0.005 5.5e-05)
(0.0522 0.005 5.5e-05)
(0.0528 0.005 5.5e-05)
(0.0534 0.005 5.5e-05)
(0.054 0.005 5.5e-05)
(0.0546 0.005 5.5e-05)
(0.0552 0.005 5.5e-05)
(0.0558 0.005 5.5e-05)
(0.0564 0.005 5.5e-05)
(0.057 0.005 5.5e-05)
(0.0576 0.005 5.5e-05)
(0.0582 0.005 5.5e-05)
(0.0588 0.005 5.5e-05)
(0.0594 0.005 5.5e-05)
(0.06 0.005 5.5e-05)
(0 0.005625 5.5e-05)
(0.0006 0.005625 5.5e-05)
(0.0012 0.005625 5.5e-05)
(0.0018 0.005625 5.5e-05)
(0.0024 0.005625 5.5e-05)
(0.003 0.005625 5.5e-05)
(0.0036 0.005625 5.5e-05)
(0.0042 0.005625 5.5e-05)
(0.0048 0.005625 5.5e-05)
(0.0054 0.005625 5.5e-05)
(0.006 0.005625 5.5e-05)
(0.0066 0.005625 5.5e-05)
(0.0072 0.005625 5.5e-05)
(0.0078 0.005625 5.5e-05)
(0.0084 0.005625 5.5e-05)
(0.009 0.005625 5.5e-05)
(0.0096 0.005625 5.5e-05)
(0.0102 0.005625 5.5e-05)
(0.0108 0.005625 5.5e-05)
(0.0114 0.005625 5.5e-05)
(0.012 0.005625 5.5e-05)
(0.0126 0.005625 5.5e-05)
(0.0132 0.005625 5.5e-05)
(0.0138 0.005625 5.5e-05)
(0.0144 0.005625 5.5e-05)
(0.015 0.005625 5.5e-05)
(0.0156 0.005625 5.5e-05)
(0.0162 0.005625 5.5e-05)
(0.0168 0.005625 5.5e-05)
(0.0174 0.005625 5.5e-05)
(0.018 0.005625 5.5e-05)
(0.0186 0.005625 5.5e-05)
(0.0192 0.005625 5.5e-05)
(0.0198 0.005625 5.5e-05)
(0.0204 0.005625 5.5e-05)
(0.021 0.005625 5.5e-05)
(0.0216 0.005625 5.5e-05)
(0.0222 0.005625 5.5e-05)
(0.0228 0.005625 5.5e-05)
(0.0234 0.005625 5.5e-05)
(0.024 0.005625 5.5e-05)
(0.0246 0.005625 5.5e-05)
(0.0252 0.005625 5.5e-05)
(0.0258 0.005625 5.5e-05)
(0.0264 0.005625 5.5e-05)
(0.027 0.005625 5.5e-05)
(0.0276 0.005625 5.5e-05)
(0.0282 0.005625 5.5e-05)
(0.0288 0.005625 5.5e-05)
(0.0294 0.005625 5.5e-05)
(0.03 0.005625 5.5e-05)
(0.0306 0.005625 5.5e-05)
(0.0312 0.005625 5.5e-05)
(0.0318 0.005625 5.5e-05)
(0.0324 0.005625 5.5e-05)
(0.033 0.005625 5.5e-05)
(0.0336 0.005625 5.5e-05)
(0.0342 0.005625 5.5e-05)
(0.0348 0.005625 5.5e-05)
(0.0354 0.005625 5.5e-05)
(0.036 0.005625 5.5e-05)
(0.0366 0.005625 5.5e-05)
(0.0372 0.005625 5.5e-05)
(0.0378 0.005625 5.5e-05)
(0.0384 0.005625 5.5e-05)
(0.039 0.005625 5.5e-05)
(0.0396 0.005625 5.5e-05)
(0.0402 0.005625 5.5e-05)
(0.0408 0.005625 5.5e-05)
(0.0414 0.005625 5.5e-05)
(0.042 0.005625 5.5e-05)
(0.0426 0.005625 5.5e-05)
(0.0432 0.005625 5.5e-05)
(0.0438 0.005625 5.5e-05)
(0.0444 0.005625 5.5e-05)
(0.045 0.005625 5.5e-05)
(0.0456 0.005625 5.5e-05)
(0.0462 0.005625 5.5e-05)
(0.0468 0.005625 5.5e-05)
(0.0474 0.005625 5.5e-05)
(0.048 0.005625 5.5e-05)
(0.0486 0.005625 5.5e-05)
(0.0492 0.005625 5.5e-05)
(0.0498 0.005625 5.5e-05)
(0.0504 0.005625 5.5e-05)
(0.051 0.005625 5.5e-05)
(0.0516 0.005625 5.5e-05)
(0.0522 0.005625 5.5e-05)
(0.0528 0.005625 5.5e-05)
(0.0534 0.005625 5.5e-05)
(0.054 0.005625 5.5e-05)
(0.0546 0.005625 5.5e-05)
(0.0552 0.005625 5.5e-05)
(0.0558 0.005625 5.5e-05)
(0.0564 0.005625 5.5e-05)
(0.057 0.005625 5.5e-05)
(0.0576 0.005625 5.5e-05)
(0.0582 0.005625 5.5e-05)
(0.0588 0.005625 5.5e-05)
(0.0594 0.005625 5.5e-05)
(0.06 0.005625 5.5e-05)
(0 0.00625 5.5e-05)
(0.0006 0.00625 5.5e-05)
(0.0012 0.00625 5.5e-05)
(0.0018 0.00625 5.5e-05)
(0.0024 0.00625 5.5e-05)
(0.003 0.00625 5.5e-05)
(0.0036 0.00625 5.5e-05)
(0.0042 0.00625 5.5e-05)
(0.0048 0.00625 5.5e-05)
(0.0054 0.00625 5.5e-05)
(0.006 0.00625 5.5e-05)
(0.0066 0.00625 5.5e-05)
(0.0072 0.00625 5.5e-05)
(0.0078 0.00625 5.5e-05)
(0.0084 0.00625 5.5e-05)
(0.009 0.00625 5.5e-05)
(0.0096 0.00625 5.5e-05)
(0.0102 0.00625 5.5e-05)
(0.0108 0.00625 5.5e-05)
(0.0114 0.00625 5.5e-05)
(0.012 0.00625 5.5e-05)
(0.0126 0.00625 5.5e-05)
(0.0132 0.00625 5.5e-05)
(0.0138 0.00625 5.5e-05)
(0.0144 0.00625 5.5e-05)
(0.015 0.00625 5.5e-05)
(0.0156 0.00625 5.5e-05)
(0.0162 0.00625 5.5e-05)
(0.0168 0.00625 5.5e-05)
(0.0174 0.00625 5.5e-05)
(0.018 0.00625 5.5e-05)
(0.0186 0.00625 5.5e-05)
(0.0192 0.00625 5.5e-05)
(0.0198 0.00625 5.5e-05)
(0.0204 0.00625 5.5e-05)
(0.021 0.00625 5.5e-05)
(0.0216 0.00625 5.5e-05)
(0.0222 0.00625 5.5e-05)
(0.0228 0.00625 5.5e-05)
(0.0234 0.00625 5.5e-05)
(0.024 0.00625 5.5e-05)
(0.0246 0.00625 5.5e-05)
(0.0252 0.00625 5.5e-05)
(0.0258 0.00625 5.5e-05)
(0.0264 0.00625 5.5e-05)
(0.027 0.00625 5.5e-05)
(0.0276 0.00625 5.5e-05)
(0.0282 0.00625 5.5e-05)
(0.0288 0.00625 5.5e-05)
(0.0294 0.00625 5.5e-05)
(0.03 0.00625 5.5e-05)
(0.0306 0.00625 5.5e-05)
(0.0312 0.00625 5.5e-05)
(0.0318 0.00625 5.5e-05)
(0.0324 0.00625 5.5e-05)
(0.033 0.00625 5.5e-05)
(0.0336 0.00625 5.5e-05)
(0.0342 0.00625 5.5e-05)
(0.0348 0.00625 5.5e-05)
(0.0354 0.00625 5.5e-05)
(0.036 0.00625 5.5e-05)
(0.0366 0.00625 5.5e-05)
(0.0372 0.00625 5.5e-05)
(0.0378 0.00625 5.5e-05)
(0.0384 0.00625 5.5e-05)
(0.039 0.00625 5.5e-05)
(0.0396 0.00625 5.5e-05)
(0.0402 0.00625 5.5e-05)
(0.0408 0.00625 5.5e-05)
(0.0414 0.00625 5.5e-05)
(0.042 0.00625 5.5e-05)
(0.0426 0.00625 5.5e-05)
(0.0432 0.00625 5.5e-05)
(0.0438 0.00625 5.5e-05)
(0.0444 0.00625 5.5e-05)
(0.045 0.00625 5.5e-05)
(0.0456 0.00625 5.5e-05)
(0.0462 0.00625 5.5e-05)
(0.0468 0.00625 5.5e-05)
(0.0474 0.00625 5.5e-05)
(0.048 0.00625 5.5e-05)
(0.0486 0.00625 5.5e-05)
(0.0492 0.00625 5.5e-05)
(0.0498 0.00625 5.5e-05)
(0.0504 0.00625 5.5e-05)
(0.051 0.00625 5.5e-05)
(0.0516 0.00625 5.5e-05)
(0.0522 0.00625 5.5e-05)
(0.0528 0.00625 5.5e-05)
(0.0534 0.00625 5.5e-05)
(0.054 0.00625 5.5e-05)
(0.0546 0.00625 5.5e-05)
(0.0552 0.00625 5.5e-05)
(0.0558 0.00625 5.5e-05)
(0.0564 0.00625 5.5e-05)
(0.057 0.00625 5.5e-05)
(0.0576 0.00625 5.5e-05)
(0.0582 0.00625 5.5e-05)
(0.0588 0.00625 5.5e-05)
(0.0594 0.00625 5.5e-05)
(0.06 0.00625 5.5e-05)
(0 0.006875 5.5e-05)
(0.0006 0.006875 5.5e-05)
(0.0012 0.006875 5.5e-05)
(0.0018 0.006875 5.5e-05)
(0.0024 0.006875 5.5e-05)
(0.003 0.006875 5.5e-05)
(0.0036 0.006875 5.5e-05)
(0.0042 0.006875 5.5e-05)
(0.0048 0.006875 5.5e-05)
(0.0054 0.006875 5.5e-05)
(0.006 0.006875 5.5e-05)
(0.0066 0.006875 5.5e-05)
(0.0072 0.006875 5.5e-05)
(0.0078 0.006875 5.5e-05)
(0.0084 0.006875 5.5e-05)
(0.009 0.006875 5.5e-05)
(0.0096 0.006875 5.5e-05)
(0.0102 0.006875 5.5e-05)
(0.0108 0.006875 5.5e-05)
(0.0114 0.006875 5.5e-05)
(0.012 0.006875 5.5e-05)
(0.0126 0.006875 5.5e-05)
(0.0132 0.006875 5.5e-05)
(0.0138 0.006875 5.5e-05)
(0.0144 0.006875 5.5e-05)
(0.015 0.006875 5.5e-05)
(0.0156 0.006875 5.5e-05)
(0.0162 0.006875 5.5e-05)
(0.0168 0.006875 5.5e-05)
(0.0174 0.006875 5.5e-05)
(0.018 0.006875 5.5e-05)
(0.0186 0.006875 5.5e-05)
(0.0192 0.006875 5.5e-05)
(0.0198 0.006875 5.5e-05)
(0.0204 0.006875 5.5e-05)
(0.021 0.006875 5.5e-05)
(0.0216 0.006875 5.5e-05)
(0.0222 0.006875 5.5e-05)
(0.0228 0.006875 5.5e-05)
(0.0234 0.006875 5.5e-05)
(0.024 0.006875 5.5e-05)
(0.0246 0.006875 5.5e-05)
(0.0252 0.006875 5.5e-05)
(0.0258 0.006875 5.5e-05)
(0.0264 0.006875 5.5e-05)
(0.027 0.006875 5.5e-05)
(0.0276 0.006875 5.5e-05)
(0.0282 0.006875 5.5e-05)
(0.0288 0.006875 5.5e-05)
(0.0294 0.006875 5.5e-05)
(0.03 0.006875 5.5e-05)
(0.0306 0.006875 5.5e-05)
(0.0312 0.006875 5.5e-05)
(0.0318 0.006875 5.5e-05)
(0.0324 0.006875 5.5e-05)
(0.033 0.006875 5.5e-05)
(0.0336 0.006875 5.5e-05)
(0.0342 0.006875 5.5e-05)
(0.0348 0.006875 5.5e-05)
(0.0354 0.006875 5.5e-05)
(0.036 0.006875 5.5e-05)
(0.0366 0.006875 5.5e-05)
(0.0372 0.006875 5.5e-05)
(0.0378 0.006875 5.5e-05)
(0.0384 0.006875 5.5e-05)
(0.039 0.006875 5.5e-05)
(0.0396 0.006875 5.5e-05)
(0.0402 0.006875 5.5e-05)
(0.0408 0.006875 5.5e-05)
(0.0414 0.006875 5.5e-05)
(0.042 0.006875 5.5e-05)
(0.0426 0.006875 5.5e-05)
(0.0432 0.006875 5.5e-05)
(0.0438 0.006875 5.5e-05)
(0.0444 0.006875 5.5e-05)
(0.045 0.006875 5.5e-05)
(0.0456 0.006875 5.5e-05)
(0.0462 0.006875 5.5e-05)
(0.0468 0.006875 5.5e-05)
(0.0474 0.006875 5.5e-05)
(0.048 0.006875 5.5e-05)
(0.0486 0.006875 5.5e-05)
(0.0492 0.006875 5.5e-05)
(0.0498 0.006875 5.5e-05)
(0.0504 0.006875 5.5e-05)
(0.051 0.006875 5.5e-05)
(0.0516 0.006875 5.5e-05)
(0.0522 0.006875 5.5e-05)
(0.0528 0.006875 5.5e-05)
(0.0534 0.006875 5.5e-05)
(0.054 0.006875 5.5e-05)
(0.0546 0.006875 5.5e-05)
(0.0552 0.006875 5.5e-05)
(0.0558 0.006875 5.5e-05)
(0.0564 0.006875 5.5e-05)
(0.057 0.006875 5.5e-05)
(0.0576 0.006875 5.5e-05)
(0.0582 0.006875 5.5e-05)
(0.0588 0.006875 5.5e-05)
(0.0594 0.006875 5.5e-05)
(0.06 0.006875 5.5e-05)
(0 0.0075 5.5e-05)
(0.0006 0.0075 5.5e-05)
(0.0012 0.0075 5.5e-05)
(0.0018 0.0075 5.5e-05)
(0.0024 0.0075 5.5e-05)
(0.003 0.0075 5.5e-05)
(0.0036 0.0075 5.5e-05)
(0.0042 0.0075 5.5e-05)
(0.0048 0.0075 5.5e-05)
(0.0054 0.0075 5.5e-05)
(0.006 0.0075 5.5e-05)
(0.0066 0.0075 5.5e-05)
(0.0072 0.0075 5.5e-05)
(0.0078 0.0075 5.5e-05)
(0.0084 0.0075 5.5e-05)
(0.009 0.0075 5.5e-05)
(0.0096 0.0075 5.5e-05)
(0.0102 0.0075 5.5e-05)
(0.0108 0.0075 5.5e-05)
(0.0114 0.0075 5.5e-05)
(0.012 0.0075 5.5e-05)
(0.0126 0.0075 5.5e-05)
(0.0132 0.0075 5.5e-05)
(0.0138 0.0075 5.5e-05)
(0.0144 0.0075 5.5e-05)
(0.015 0.0075 5.5e-05)
(0.0156 0.0075 5.5e-05)
(0.0162 0.0075 5.5e-05)
(0.0168 0.0075 5.5e-05)
(0.0174 0.0075 5.5e-05)
(0.018 0.0075 5.5e-05)
(0.0186 0.0075 5.5e-05)
(0.0192 0.0075 5.5e-05)
(0.0198 0.0075 5.5e-05)
(0.0204 0.0075 5.5e-05)
(0.021 0.0075 5.5e-05)
(0.0216 0.0075 5.5e-05)
(0.0222 0.0075 5.5e-05)
(0.0228 0.0075 5.5e-05)
(0.0234 0.0075 5.5e-05)
(0.024 0.0075 5.5e-05)
(0.0246 0.0075 5.5e-05)
(0.0252 0.0075 5.5e-05)
(0.0258 0.0075 5.5e-05)
(0.0264 0.0075 5.5e-05)
(0.027 0.0075 5.5e-05)
(0.0276 0.0075 5.5e-05)
(0.0282 0.0075 5.5e-05)
(0.0288 0.0075 5.5e-05)
(0.0294 0.0075 5.5e-05)
(0.03 0.0075 5.5e-05)
(0.0306 0.0075 5.5e-05)
(0.0312 0.0075 5.5e-05)
(0.0318 0.0075 5.5e-05)
(0.0324 0.0075 5.5e-05)
(0.033 0.0075 5.5e-05)
(0.0336 0.0075 5.5e-05)
(0.0342 0.0075 5.5e-05)
(0.0348 0.0075 5.5e-05)
(0.0354 0.0075 5.5e-05)
(0.036 0.0075 5.5e-05)
(0.0366 0.0075 5.5e-05)
(0.0372 0.0075 5.5e-05)
(0.0378 0.0075 5.5e-05)
(0.0384 0.0075 5.5e-05)
(0.039 0.0075 5.5e-05)
(0.0396 0.0075 5.5e-05)
(0.0402 0.0075 5.5e-05)
(0.0408 0.0075 5.5e-05)
(0.0414 0.0075 5.5e-05)
(0.042 0.0075 5.5e-05)
(0.0426 0.0075 5.5e-05)
(0.0432 0.0075 5.5e-05)
(0.0438 0.0075 5.5e-05)
(0.0444 0.0075 5.5e-05)
(0.045 0.0075 5.5e-05)
(0.0456 0.0075 5.5e-05)
(0.0462 0.0075 5.5e-05)
(0.0468 0.0075 5.5e-05)
(0.0474 0.0075 5.5e-05)
(0.048 0.0075 5.5e-05)
(0.0486 0.0075 5.5e-05)
(0.0492 0.0075 5.5e-05)
(0.0498 0.0075 5.5e-05)
(0.0504 0.0075 5.5e-05)
(0.051 0.0075 5.5e-05)
(0.0516 0.0075 5.5e-05)
(0.0522 0.0075 5.5e-05)
(0.0528 0.0075 5.5e-05)
(0.0534 0.0075 5.5e-05)
(0.054 0.0075 5.5e-05)
(0.0546 0.0075 5.5e-05)
(0.0552 0.0075 5.5e-05)
(0.0558 0.0075 5.5e-05)
(0.0564 0.0075 5.5e-05)
(0.057 0.0075 5.5e-05)
(0.0576 0.0075 5.5e-05)
(0.0582 0.0075 5.5e-05)
(0.0588 0.0075 5.5e-05)
(0.0594 0.0075 5.5e-05)
(0.06 0.0075 5.5e-05)
(0 0.008125 5.5e-05)
(0.0006 0.008125 5.5e-05)
(0.0012 0.008125 5.5e-05)
(0.0018 0.008125 5.5e-05)
(0.0024 0.008125 5.5e-05)
(0.003 0.008125 5.5e-05)
(0.0036 0.008125 5.5e-05)
(0.0042 0.008125 5.5e-05)
(0.0048 0.008125 5.5e-05)
(0.0054 0.008125 5.5e-05)
(0.006 0.008125 5.5e-05)
(0.0066 0.008125 5.5e-05)
(0.0072 0.008125 5.5e-05)
(0.0078 0.008125 5.5e-05)
(0.0084 0.008125 5.5e-05)
(0.009 0.008125 5.5e-05)
(0.0096 0.008125 5.5e-05)
(0.0102 0.008125 5.5e-05)
(0.0108 0.008125 5.5e-05)
(0.0114 0.008125 5.5e-05)
(0.012 0.008125 5.5e-05)
(0.0126 0.008125 5.5e-05)
(0.0132 0.008125 5.5e-05)
(0.0138 0.008125 5.5e-05)
(0.0144 0.008125 5.5e-05)
(0.015 0.008125 5.5e-05)
(0.0156 0.008125 5.5e-05)
(0.0162 0.008125 5.5e-05)
(0.0168 0.008125 5.5e-05)
(0.0174 0.008125 5.5e-05)
(0.018 0.008125 5.5e-05)
(0.0186 0.008125 5.5e-05)
(0.0192 0.008125 5.5e-05)
(0.0198 0.008125 5.5e-05)
(0.0204 0.008125 5.5e-05)
(0.021 0.008125 5.5e-05)
(0.0216 0.008125 5.5e-05)
(0.0222 0.008125 5.5e-05)
(0.0228 0.008125 5.5e-05)
(0.0234 0.008125 5.5e-05)
(0.024 0.008125 5.5e-05)
(0.0246 0.008125 5.5e-05)
(0.0252 0.008125 5.5e-05)
(0.0258 0.008125 5.5e-05)
(0.0264 0.008125 5.5e-05)
(0.027 0.008125 5.5e-05)
(0.0276 0.008125 5.5e-05)
(0.0282 0.008125 5.5e-05)
(0.0288 0.008125 5.5e-05)
(0.0294 0.008125 5.5e-05)
(0.03 0.008125 5.5e-05)
(0.0306 0.008125 5.5e-05)
(0.0312 0.008125 5.5e-05)
(0.0318 0.008125 5.5e-05)
(0.0324 0.008125 5.5e-05)
(0.033 0.008125 5.5e-05)
(0.0336 0.008125 5.5e-05)
(0.0342 0.008125 5.5e-05)
(0.0348 0.008125 5.5e-05)
(0.0354 0.008125 5.5e-05)
(0.036 0.008125 5.5e-05)
(0.0366 0.008125 5.5e-05)
(0.0372 0.008125 5.5e-05)
(0.0378 0.008125 5.5e-05)
(0.0384 0.008125 5.5e-05)
(0.039 0.008125 5.5e-05)
(0.0396 0.008125 5.5e-05)
(0.0402 0.008125 5.5e-05)
(0.0408 0.008125 5.5e-05)
(0.0414 0.008125 5.5e-05)
(0.042 0.008125 5.5e-05)
(0.0426 0.008125 5.5e-05)
(0.0432 0.008125 5.5e-05)
(0.0438 0.008125 5.5e-05)
(0.0444 0.008125 5.5e-05)
(0.045 0.008125 5.5e-05)
(0.0456 0.008125 5.5e-05)
(0.0462 0.008125 5.5e-05)
(0.0468 0.008125 5.5e-05)
(0.0474 0.008125 5.5e-05)
(0.048 0.008125 5.5e-05)
(0.0486 0.008125 5.5e-05)
(0.0492 0.008125 5.5e-05)
(0.0498 0.008125 5.5e-05)
(0.0504 0.008125 5.5e-05)
(0.051 0.008125 5.5e-05)
(0.0516 0.008125 5.5e-05)
(0.0522 0.008125 5.5e-05)
(0.0528 0.008125 5.5e-05)
(0.0534 0.008125 5.5e-05)
(0.054 0.008125 5.5e-05)
(0.0546 0.008125 5.5e-05)
(0.0552 0.008125 5.5e-05)
(0.0558 0.008125 5.5e-05)
(0.0564 0.008125 5.5e-05)
(0.057 0.008125 5.5e-05)
(0.0576 0.008125 5.5e-05)
(0.0582 0.008125 5.5e-05)
(0.0588 0.008125 5.5e-05)
(0.0594 0.008125 5.5e-05)
(0.06 0.008125 5.5e-05)
(0 0.00875 5.5e-05)
(0.0006 0.00875 5.5e-05)
(0.0012 0.00875 5.5e-05)
(0.0018 0.00875 5.5e-05)
(0.0024 0.00875 5.5e-05)
(0.003 0.00875 5.5e-05)
(0.0036 0.00875 5.5e-05)
(0.0042 0.00875 5.5e-05)
(0.0048 0.00875 5.5e-05)
(0.0054 0.00875 5.5e-05)
(0.006 0.00875 5.5e-05)
(0.0066 0.00875 5.5e-05)
(0.0072 0.00875 5.5e-05)
(0.0078 0.00875 5.5e-05)
(0.0084 0.00875 5.5e-05)
(0.009 0.00875 5.5e-05)
(0.0096 0.00875 5.5e-05)
(0.0102 0.00875 5.5e-05)
(0.0108 0.00875 5.5e-05)
(0.0114 0.00875 5.5e-05)
(0.012 0.00875 5.5e-05)
(0.0126 0.00875 5.5e-05)
(0.0132 0.00875 5.5e-05)
(0.0138 0.00875 5.5e-05)
(0.0144 0.00875 5.5e-05)
(0.015 0.00875 5.5e-05)
(0.0156 0.00875 5.5e-05)
(0.0162 0.00875 5.5e-05)
(0.0168 0.00875 5.5e-05)
(0.0174 0.00875 5.5e-05)
(0.018 0.00875 5.5e-05)
(0.0186 0.00875 5.5e-05)
(0.0192 0.00875 5.5e-05)
(0.0198 0.00875 5.5e-05)
(0.0204 0.00875 5.5e-05)
(0.021 0.00875 5.5e-05)
(0.0216 0.00875 5.5e-05)
(0.0222 0.00875 5.5e-05)
(0.0228 0.00875 5.5e-05)
(0.0234 0.00875 5.5e-05)
(0.024 0.00875 5.5e-05)
(0.0246 0.00875 5.5e-05)
(0.0252 0.00875 5.5e-05)
(0.0258 0.00875 5.5e-05)
(0.0264 0.00875 5.5e-05)
(0.027 0.00875 5.5e-05)
(0.0276 0.00875 5.5e-05)
(0.0282 0.00875 5.5e-05)
(0.0288 0.00875 5.5e-05)
(0.0294 0.00875 5.5e-05)
(0.03 0.00875 5.5e-05)
(0.0306 0.00875 5.5e-05)
(0.0312 0.00875 5.5e-05)
(0.0318 0.00875 5.5e-05)
(0.0324 0.00875 5.5e-05)
(0.033 0.00875 5.5e-05)
(0.0336 0.00875 5.5e-05)
(0.0342 0.00875 5.5e-05)
(0.0348 0.00875 5.5e-05)
(0.0354 0.00875 5.5e-05)
(0.036 0.00875 5.5e-05)
(0.0366 0.00875 5.5e-05)
(0.0372 0.00875 5.5e-05)
(0.0378 0.00875 5.5e-05)
(0.0384 0.00875 5.5e-05)
(0.039 0.00875 5.5e-05)
(0.0396 0.00875 5.5e-05)
(0.0402 0.00875 5.5e-05)
(0.0408 0.00875 5.5e-05)
(0.0414 0.00875 5.5e-05)
(0.042 0.00875 5.5e-05)
(0.0426 0.00875 5.5e-05)
(0.0432 0.00875 5.5e-05)
(0.0438 0.00875 5.5e-05)
(0.0444 0.00875 5.5e-05)
(0.045 0.00875 5.5e-05)
(0.0456 0.00875 5.5e-05)
(0.0462 0.00875 5.5e-05)
(0.0468 0.00875 5.5e-05)
(0.0474 0.00875 5.5e-05)
(0.048 0.00875 5.5e-05)
(0.0486 0.00875 5.5e-05)
(0.0492 0.00875 5.5e-05)
(0.0498 0.00875 5.5e-05)
(0.0504 0.00875 5.5e-05)
(0.051 0.00875 5.5e-05)
(0.0516 0.00875 5.5e-05)
(0.0522 0.00875 5.5e-05)
(0.0528 0.00875 5.5e-05)
(0.0534 0.00875 5.5e-05)
(0.054 0.00875 5.5e-05)
(0.0546 0.00875 5.5e-05)
(0.0552 0.00875 5.5e-05)
(0.0558 0.00875 5.5e-05)
(0.0564 0.00875 5.5e-05)
(0.057 0.00875 5.5e-05)
(0.0576 0.00875 5.5e-05)
(0.0582 0.00875 5.5e-05)
(0.0588 0.00875 5.5e-05)
(0.0594 0.00875 5.5e-05)
(0.06 0.00875 5.5e-05)
(0 0.009375 5.5e-05)
(0.0006 0.009375 5.5e-05)
(0.0012 0.009375 5.5e-05)
(0.0018 0.009375 5.5e-05)
(0.0024 0.009375 5.5e-05)
(0.003 0.009375 5.5e-05)
(0.0036 0.009375 5.5e-05)
(0.0042 0.009375 5.5e-05)
(0.0048 0.009375 5.5e-05)
(0.0054 0.009375 5.5e-05)
(0.006 0.009375 5.5e-05)
(0.0066 0.009375 5.5e-05)
(0.0072 0.009375 5.5e-05)
(0.0078 0.009375 5.5e-05)
(0.0084 0.009375 5.5e-05)
(0.009 0.009375 5.5e-05)
(0.0096 0.009375 5.5e-05)
(0.0102 0.009375 5.5e-05)
(0.0108 0.009375 5.5e-05)
(0.0114 0.009375 5.5e-05)
(0.012 0.009375 5.5e-05)
(0.0126 0.009375 5.5e-05)
(0.0132 0.009375 5.5e-05)
(0.0138 0.009375 5.5e-05)
(0.0144 0.009375 5.5e-05)
(0.015 0.009375 5.5e-05)
(0.0156 0.009375 5.5e-05)
(0.0162 0.009375 5.5e-05)
(0.0168 0.009375 5.5e-05)
(0.0174 0.009375 5.5e-05)
(0.018 0.009375 5.5e-05)
(0.0186 0.009375 5.5e-05)
(0.0192 0.009375 5.5e-05)
(0.0198 0.009375 5.5e-05)
(0.0204 0.009375 5.5e-05)
(0.021 0.009375 5.5e-05)
(0.0216 0.009375 5.5e-05)
(0.0222 0.009375 5.5e-05)
(0.0228 0.009375 5.5e-05)
(0.0234 0.009375 5.5e-05)
(0.024 0.009375 5.5e-05)
(0.0246 0.009375 5.5e-05)
(0.0252 0.009375 5.5e-05)
(0.0258 0.009375 5.5e-05)
(0.0264 0.009375 5.5e-05)
(0.027 0.009375 5.5e-05)
(0.0276 0.009375 5.5e-05)
(0.0282 0.009375 5.5e-05)
(0.0288 0.009375 5.5e-05)
(0.0294 0.009375 5.5e-05)
(0.03 0.009375 5.5e-05)
(0.0306 0.009375 5.5e-05)
(0.0312 0.009375 5.5e-05)
(0.0318 0.009375 5.5e-05)
(0.0324 0.009375 5.5e-05)
(0.033 0.009375 5.5e-05)
(0.0336 0.009375 5.5e-05)
(0.0342 0.009375 5.5e-05)
(0.0348 0.009375 5.5e-05)
(0.0354 0.009375 5.5e-05)
(0.036 0.009375 5.5e-05)
(0.0366 0.009375 5.5e-05)
(0.0372 0.009375 5.5e-05)
(0.0378 0.009375 5.5e-05)
(0.0384 0.009375 5.5e-05)
(0.039 0.009375 5.5e-05)
(0.0396 0.009375 5.5e-05)
(0.0402 0.009375 5.5e-05)
(0.0408 0.009375 5.5e-05)
(0.0414 0.009375 5.5e-05)
(0.042 0.009375 5.5e-05)
(0.0426 0.009375 5.5e-05)
(0.0432 0.009375 5.5e-05)
(0.0438 0.009375 5.5e-05)
(0.0444 0.009375 5.5e-05)
(0.045 0.009375 5.5e-05)
(0.0456 0.009375 5.5e-05)
(0.0462 0.009375 5.5e-05)
(0.0468 0.009375 5.5e-05)
(0.0474 0.009375 5.5e-05)
(0.048 0.009375 5.5e-05)
(0.0486 0.009375 5.5e-05)
(0.0492 0.009375 5.5e-05)
(0.0498 0.009375 5.5e-05)
(0.0504 0.009375 5.5e-05)
(0.051 0.009375 5.5e-05)
(0.0516 0.009375 5.5e-05)
(0.0522 0.009375 5.5e-05)
(0.0528 0.009375 5.5e-05)
(0.0534 0.009375 5.5e-05)
(0.054 0.009375 5.5e-05)
(0.0546 0.009375 5.5e-05)
(0.0552 0.009375 5.5e-05)
(0.0558 0.009375 5.5e-05)
(0.0564 0.009375 5.5e-05)
(0.057 0.009375 5.5e-05)
(0.0576 0.009375 5.5e-05)
(0.0582 0.009375 5.5e-05)
(0.0588 0.009375 5.5e-05)
(0.0594 0.009375 5.5e-05)
(0.06 0.009375 5.5e-05)
(0 0.01 5.5e-05)
(0.0006 0.01 5.5e-05)
(0.0012 0.01 5.5e-05)
(0.0018 0.01 5.5e-05)
(0.0024 0.01 5.5e-05)
(0.003 0.01 5.5e-05)
(0.0036 0.01 5.5e-05)
(0.0042 0.01 5.5e-05)
(0.0048 0.01 5.5e-05)
(0.0054 0.01 5.5e-05)
(0.006 0.01 5.5e-05)
(0.0066 0.01 5.5e-05)
(0.0072 0.01 5.5e-05)
(0.0078 0.01 5.5e-05)
(0.0084 0.01 5.5e-05)
(0.009 0.01 5.5e-05)
(0.0096 0.01 5.5e-05)
(0.0102 0.01 5.5e-05)
(0.0108 0.01 5.5e-05)
(0.0114 0.01 5.5e-05)
(0.012 0.01 5.5e-05)
(0.0126 0.01 5.5e-05)
(0.0132 0.01 5.5e-05)
(0.0138 0.01 5.5e-05)
(0.0144 0.01 5.5e-05)
(0.015 0.01 5.5e-05)
(0.0156 0.01 5.5e-05)
(0.0162 0.01 5.5e-05)
(0.0168 0.01 5.5e-05)
(0.0174 0.01 5.5e-05)
(0.018 0.01 5.5e-05)
(0.0186 0.01 5.5e-05)
(0.0192 0.01 5.5e-05)
(0.0198 0.01 5.5e-05)
(0.0204 0.01 5.5e-05)
(0.021 0.01 5.5e-05)
(0.0216 0.01 5.5e-05)
(0.0222 0.01 5.5e-05)
(0.0228 0.01 5.5e-05)
(0.0234 0.01 5.5e-05)
(0.024 0.01 5.5e-05)
(0.0246 0.01 5.5e-05)
(0.0252 0.01 5.5e-05)
(0.0258 0.01 5.5e-05)
(0.0264 0.01 5.5e-05)
(0.027 0.01 5.5e-05)
(0.0276 0.01 5.5e-05)
(0.0282 0.01 5.5e-05)
(0.0288 0.01 5.5e-05)
(0.0294 0.01 5.5e-05)
(0.03 0.01 5.5e-05)
(0.0306 0.01 5.5e-05)
(0.0312 0.01 5.5e-05)
(0.0318 0.01 5.5e-05)
(0.0324 0.01 5.5e-05)
(0.033 0.01 5.5e-05)
(0.0336 0.01 5.5e-05)
(0.0342 0.01 5.5e-05)
(0.0348 0.01 5.5e-05)
(0.0354 0.01 5.5e-05)
(0.036 0.01 5.5e-05)
(0.0366 0.01 5.5e-05)
(0.0372 0.01 5.5e-05)
(0.0378 0.01 5.5e-05)
(0.0384 0.01 5.5e-05)
(0.039 0.01 5.5e-05)
(0.0396 0.01 5.5e-05)
(0.0402 0.01 5.5e-05)
(0.0408 0.01 5.5e-05)
(0.0414 0.01 5.5e-05)
(0.042 0.01 5.5e-05)
(0.0426 0.01 5.5e-05)
(0.0432 0.01 5.5e-05)
(0.0438 0.01 5.5e-05)
(0.0444 0.01 5.5e-05)
(0.045 0.01 5.5e-05)
(0.0456 0.01 5.5e-05)
(0.0462 0.01 5.5e-05)
(0.0468 0.01 5.5e-05)
(0.0474 0.01 5.5e-05)
(0.048 0.01 5.5e-05)
(0.0486 0.01 5.5e-05)
(0.0492 0.01 5.5e-05)
(0.0498 0.01 5.5e-05)
(0.0504 0.01 5.5e-05)
(0.051 0.01 5.5e-05)
(0.0516 0.01 5.5e-05)
(0.0522 0.01 5.5e-05)
(0.0528 0.01 5.5e-05)
(0.0534 0.01 5.5e-05)
(0.054 0.01 5.5e-05)
(0.0546 0.01 5.5e-05)
(0.0552 0.01 5.5e-05)
(0.0558 0.01 5.5e-05)
(0.0564 0.01 5.5e-05)
(0.057 0.01 5.5e-05)
(0.0576 0.01 5.5e-05)
(0.0582 0.01 5.5e-05)
(0.0588 0.01 5.5e-05)
(0.0594 0.01 5.5e-05)
(0.06 0.01 5.5e-05)
)


// ************************************************************************* //
