/*--------------------------------*- C++ -*----------------------------------*\
| =========                 |                                                 |
| \\      /  F ield         | OpenFOAM: The Open Source CFD Toolbox           |
|  \\    /   O peration     | Version:  2406                                  |
|   \\  /    A nd           | Website:  www.openfoam.com                      |
|    \\/     M anipulation  |                                                 |
\*---------------------------------------------------------------------------*/
FoamFile
{
    version     2.0;
    format      ascii;
    arch        "LSB;label=32;scalar=64";
    class       faceList;
    location    "constant/polyMesh";
    object      faces;
}
// * * * * * * * * * * * * * * * * * * * * * * * * * * * * * * * * * * * * * //


92
(
4(1 12 45 34)
4(11 44 45 12)
4(2 13 46 35)
4(12 45 46 13)
4(3 14 47 36)
4(13 46 47 14)
4(4 15 48 37)
4(14 47 48 15)
4(5 16 49 38)
4(15 48 49 16)
4(6 17 50 39)
4(16 49 50 17)
4(7 18 51 40)
4(17 50 51 18)
4(8 19 52 41)
4(18 51 52 19)
4(9 20 53 42)
4(19 52 53 20)
4(20 53 54 21)
4(12 23 56 45)
4(13 24 57 46)
4(14 25 58 47)
4(15 26 59 48)
4(16 27 60 49)
4(17 28 61 50)
4(18 29 62 51)
4(19 30 63 52)
4(20 31 64 53)
4(0 33 44 11)
4(11 44 55 22)
4(10 21 54 43)
4(21 32 65 54)
4(22 55 56 23)
4(23 56 57 24)
4(24 57 58 25)
4(25 58 59 26)
4(26 59 60 27)
4(27 60 61 28)
4(28 61 62 29)
4(29 62 63 30)
4(30 63 64 31)
4(31 64 65 32)
4(0 1 34 33)
4(1 2 35 34)
4(2 3 36 35)
4(3 4 37 36)
4(4 5 38 37)
4(5 6 39 38)
4(6 7 40 39)
4(7 8 41 40)
4(8 9 42 41)
4(9 10 43 42)
4(0 11 12 1)
4(11 22 23 12)
4(1 12 13 2)
4(12 23 24 13)
4(2 13 14 3)
4(13 24 25 14)
4(3 14 15 4)
4(14 25 26 15)
4(4 15 16 5)
4(15 26 27 16)
4(5 16 17 6)
4(16 27 28 17)
4(6 17 18 7)
4(17 28 29 18)
4(7 18 19 8)
4(18 29 30 19)
4(8 19 20 9)
4(19 30 31 20)
4(9 20 21 10)
4(20 31 32 21)
4(33 34 45 44)
4(44 45 56 55)
4(34 35 46 45)
4(45 46 57 56)
4(35 36 47 46)
4(46 47 58 57)
4(36 37 48 47)
4(47 48 59 58)
4(37 38 49 48)
4(48 49 60 59)
4(38 39 50 49)
4(49 50 61 60)
4(39 40 51 50)
4(50 51 62 61)
4(40 41 52 51)
4(51 52 63 62)
4(41 42 53 52)
4(52 53 64 63)
4(42 43 54 53)
4(53 54 65 64)
)


// ************************************************************************* //
