/*--------------------------------*- C++ -*----------------------------------*\
| =========                 |                                                 |
| \\      /  F ield         | OpenFOAM: The Open Source CFD Toolbox           |
|  \\    /   O peration     | Version:  2406                                  |
|   \\  /    A nd           | Website:  www.openfoam.com                      |
|    \\/     M anipulation  |                                                 |
\*---------------------------------------------------------------------------*/
FoamFile
{
    version     2.0;
    format      ascii;
    arch        "LSB;label=32;scalar=64";
    class       vectorField;
    location    "constant/polyMesh";
    object      points;
}
// * * * * * * * * * * * * * * * * * * * * * * * * * * * * * * * * * * * * * //


410
(
(0 0 0)
(0.0025 0 0)
(0.005 0 0)
(0.0075 0 0)
(0.01 0 0)
(0.0125 0 0)
(0.015 0 0)
(0.0175 0 0)
(0.02 0 0)
(0.0225 0 0)
(0.025 0 0)
(0.0275 0 0)
(0.03 0 0)
(0.0325 0 0)
(0.035 0 0)
(0.0375 0 0)
(0.04 0 0)
(0.0425 0 0)
(0.045 0 0)
(0.0475 0 0)
(0.05 0 0)
(0.0525 0 0)
(0.055 0 0)
(0.0575 0 0)
(0.06 0 0)
(0.0625 0 0)
(0.065 0 0)
(0.0675 0 0)
(0.07 0 0)
(0.0725 0 0)
(0.075 0 0)
(0.0775 0 0)
(0.08 0 0)
(0.0825 0 0)
(0.085 0 0)
(0.0875 0 0)
(0.09 0 0)
(0.0925 0 0)
(0.095 0 0)
(0.0975 0 0)
(0.1 0 0)
(0 0.005 0)
(0.0025 0.005 0)
(0.005 0.005 0)
(0.0075 0.005 0)
(0.01 0.005 0)
(0.0125 0.005 0)
(0.015 0.005 0)
(0.0175 0.005 0)
(0.02 0.005 0)
(0.0225 0.005 0)
(0.025 0.005 0)
(0.0275 0.005 0)
(0.03 0.005 0)
(0.0325 0.005 0)
(0.035 0.005 0)
(0.0375 0.005 0)
(0.04 0.005 0)
(0.0425 0.005 0)
(0.045 0.005 0)
(0.0475 0.005 0)
(0.05 0.005 0)
(0.0525 0.005 0)
(0.055 0.005 0)
(0.0575 0.005 0)
(0.06 0.005 0)
(0.0625 0.005 0)
(0.065 0.005 0)
(0.0675 0.005 0)
(0.07 0.005 0)
(0.0725 0.005 0)
(0.075 0.005 0)
(0.0775 0.005 0)
(0.08 0.005 0)
(0.0825 0.005 0)
(0.085 0.005 0)
(0.0875 0.005 0)
(0.09 0.005 0)
(0.0925 0.005 0)
(0.095 0.005 0)
(0.0975 0.005 0)
(0.1 0.005 0)
(0 0.01 0)
(0.0025 0.01 0)
(0.005 0.01 0)
(0.0075 0.01 0)
(0.01 0.01 0)
(0.0125 0.01 0)
(0.015 0.01 0)
(0.0175 0.01 0)
(0.02 0.01 0)
(0.0225 0.01 0)
(0.025 0.01 0)
(0.0275 0.01 0)
(0.03 0.01 0)
(0.0325 0.01 0)
(0.035 0.01 0)
(0.0375 0.01 0)
(0.04 0.01 0)
(0.0425 0.01 0)
(0.045 0.01 0)
(0.0475 0.01 0)
(0.05 0.01 0)
(0.0525 0.01 0)
(0.055 0.01 0)
(0.0575 0.01 0)
(0.06 0.01 0)
(0.0625 0.01 0)
(0.065 0.01 0)
(0.0675 0.01 0)
(0.07 0.01 0)
(0.0725 0.01 0)
(0.075 0.01 0)
(0.0775 0.01 0)
(0.08 0.01 0)
(0.0825 0.01 0)
(0.085 0.01 0)
(0.0875 0.01 0)
(0.09 0.01 0)
(0.0925 0.01 0)
(0.095 0.01 0)
(0.0975 0.01 0)
(0.1 0.01 0)
(0 0.015 0)
(0.0025 0.015 0)
(0.005 0.015 0)
(0.0075 0.015 0)
(0.01 0.015 0)
(0.0125 0.015 0)
(0.015 0.015 0)
(0.0175 0.015 0)
(0.02 0.015 0)
(0.0225 0.015 0)
(0.025 0.015 0)
(0.0275 0.015 0)
(0.03 0.015 0)
(0.0325 0.015 0)
(0.035 0.015 0)
(0.0375 0.015 0)
(0.04 0.015 0)
(0.0425 0.015 0)
(0.045 0.015 0)
(0.0475 0.015 0)
(0.05 0.015 0)
(0.0525 0.015 0)
(0.055 0.015 0)
(0.0575 0.015 0)
(0.06 0.015 0)
(0.0625 0.015 0)
(0.065 0.015 0)
(0.0675 0.015 0)
(0.07 0.015 0)
(0.0725 0.015 0)
(0.075 0.015 0)
(0.0775 0.015 0)
(0.08 0.015 0)
(0.0825 0.015 0)
(0.085 0.015 0)
(0.0875 0.015 0)
(0.09 0.015 0)
(0.0925 0.015 0)
(0.095 0.015 0)
(0.0975 0.015 0)
(0.1 0.015 0)
(0 0.02 0)
(0.0025 0.02 0)
(0.005 0.02 0)
(0.0075 0.02 0)
(0.01 0.02 0)
(0.0125 0.02 0)
(0.015 0.02 0)
(0.0175 0.02 0)
(0.02 0.02 0)
(0.0225 0.02 0)
(0.025 0.02 0)
(0.0275 0.02 0)
(0.03 0.02 0)
(0.0325 0.02 0)
(0.035 0.02 0)
(0.0375 0.02 0)
(0.04 0.02 0)
(0.0425 0.02 0)
(0.045 0.02 0)
(0.0475 0.02 0)
(0.05 0.02 0)
(0.0525 0.02 0)
(0.055 0.02 0)
(0.0575 0.02 0)
(0.06 0.02 0)
(0.0625 0.02 0)
(0.065 0.02 0)
(0.0675 0.02 0)
(0.07 0.02 0)
(0.0725 0.02 0)
(0.075 0.02 0)
(0.0775 0.02 0)
(0.08 0.02 0)
(0.0825 0.02 0)
(0.085 0.02 0)
(0.0875 0.02 0)
(0.09 0.02 0)
(0.0925 0.02 0)
(0.095 0.02 0)
(0.0975 0.02 0)
(0.1 0.02 0)
(0 0 5.5e-05)
(0.0025 0 5.5e-05)
(0.005 0 5.5e-05)
(0.0075 0 5.5e-05)
(0.01 0 5.5e-05)
(0.0125 0 5.5e-05)
(0.015 0 5.5e-05)
(0.0175 0 5.5e-05)
(0.02 0 5.5e-05)
(0.0225 0 5.5e-05)
(0.025 0 5.5e-05)
(0.0275 0 5.5e-05)
(0.03 0 5.5e-05)
(0.0325 0 5.5e-05)
(0.035 0 5.5e-05)
(0.0375 0 5.5e-05)
(0.04 0 5.5e-05)
(0.0425 0 5.5e-05)
(0.045 0 5.5e-05)
(0.0475 0 5.5e-05)
(0.05 0 5.5e-05)
(0.0525 0 5.5e-05)
(0.055 0 5.5e-05)
(0.0575 0 5.5e-05)
(0.06 0 5.5e-05)
(0.0625 0 5.5e-05)
(0.065 0 5.5e-05)
(0.0675 0 5.5e-05)
(0.07 0 5.5e-05)
(0.0725 0 5.5e-05)
(0.075 0 5.5e-05)
(0.0775 0 5.5e-05)
(0.08 0 5.5e-05)
(0.0825 0 5.5e-05)
(0.085 0 5.5e-05)
(0.0875 0 5.5e-05)
(0.09 0 5.5e-05)
(0.0925 0 5.5e-05)
(0.095 0 5.5e-05)
(0.0975 0 5.5e-05)
(0.1 0 5.5e-05)
(0 0.005 5.5e-05)
(0.0025 0.005 5.5e-05)
(0.005 0.005 5.5e-05)
(0.0075 0.005 5.5e-05)
(0.01 0.005 5.5e-05)
(0.0125 0.005 5.5e-05)
(0.015 0.005 5.5e-05)
(0.0175 0.005 5.5e-05)
(0.02 0.005 5.5e-05)
(0.0225 0.005 5.5e-05)
(0.025 0.005 5.5e-05)
(0.0275 0.005 5.5e-05)
(0.03 0.005 5.5e-05)
(0.0325 0.005 5.5e-05)
(0.035 0.005 5.5e-05)
(0.0375 0.005 5.5e-05)
(0.04 0.005 5.5e-05)
(0.0425 0.005 5.5e-05)
(0.045 0.005 5.5e-05)
(0.0475 0.005 5.5e-05)
(0.05 0.005 5.5e-05)
(0.0525 0.005 5.5e-05)
(0.055 0.005 5.5e-05)
(0.0575 0.005 5.5e-05)
(0.06 0.005 5.5e-05)
(0.0625 0.005 5.5e-05)
(0.065 0.005 5.5e-05)
(0.0675 0.005 5.5e-05)
(0.07 0.005 5.5e-05)
(0.0725 0.005 5.5e-05)
(0.075 0.005 5.5e-05)
(0.0775 0.005 5.5e-05)
(0.08 0.005 5.5e-05)
(0.0825 0.005 5.5e-05)
(0.085 0.005 5.5e-05)
(0.0875 0.005 5.5e-05)
(0.09 0.005 5.5e-05)
(0.0925 0.005 5.5e-05)
(0.095 0.005 5.5e-05)
(0.0975 0.005 5.5e-05)
(0.1 0.005 5.5e-05)
(0 0.01 5.5e-05)
(0.0025 0.01 5.5e-05)
(0.005 0.01 5.5e-05)
(0.0075 0.01 5.5e-05)
(0.01 0.01 5.5e-05)
(0.0125 0.01 5.5e-05)
(0.015 0.01 5.5e-05)
(0.0175 0.01 5.5e-05)
(0.02 0.01 5.5e-05)
(0.0225 0.01 5.5e-05)
(0.025 0.01 5.5e-05)
(0.0275 0.01 5.5e-05)
(0.03 0.01 5.5e-05)
(0.0325 0.01 5.5e-05)
(0.035 0.01 5.5e-05)
(0.0375 0.01 5.5e-05)
(0.04 0.01 5.5e-05)
(0.0425 0.01 5.5e-05)
(0.045 0.01 5.5e-05)
(0.0475 0.01 5.5e-05)
(0.05 0.01 5.5e-05)
(0.0525 0.01 5.5e-05)
(0.055 0.01 5.5e-05)
(0.0575 0.01 5.5e-05)
(0.06 0.01 5.5e-05)
(0.0625 0.01 5.5e-05)
(0.065 0.01 5.5e-05)
(0.0675 0.01 5.5e-05)
(0.07 0.01 5.5e-05)
(0.0725 0.01 5.5e-05)
(0.075 0.01 5.5e-05)
(0.0775 0.01 5.5e-05)
(0.08 0.01 5.5e-05)
(0.0825 0.01 5.5e-05)
(0.085 0.01 5.5e-05)
(0.0875 0.01 5.5e-05)
(0.09 0.01 5.5e-05)
(0.0925 0.01 5.5e-05)
(0.095 0.01 5.5e-05)
(0.0975 0.01 5.5e-05)
(0.1 0.01 5.5e-05)
(0 0.015 5.5e-05)
(0.0025 0.015 5.5e-05)
(0.005 0.015 5.5e-05)
(0.0075 0.015 5.5e-05)
(0.01 0.015 5.5e-05)
(0.0125 0.015 5.5e-05)
(0.015 0.015 5.5e-05)
(0.0175 0.015 5.5e-05)
(0.02 0.015 5.5e-05)
(0.0225 0.015 5.5e-05)
(0.025 0.015 5.5e-05)
(0.0275 0.015 5.5e-05)
(0.03 0.015 5.5e-05)
(0.0325 0.015 5.5e-05)
(0.035 0.015 5.5e-05)
(0.0375 0.015 5.5e-05)
(0.04 0.015 5.5e-05)
(0.0425 0.015 5.5e-05)
(0.045 0.015 5.5e-05)
(0.0475 0.015 5.5e-05)
(0.05 0.015 5.5e-05)
(0.0525 0.015 5.5e-05)
(0.055 0.015 5.5e-05)
(0.0575 0.015 5.5e-05)
(0.06 0.015 5.5e-05)
(0.0625 0.015 5.5e-05)
(0.065 0.015 5.5e-05)
(0.0675 0.015 5.5e-05)
(0.07 0.015 5.5e-05)
(0.0725 0.015 5.5e-05)
(0.075 0.015 5.5e-05)
(0.0775 0.015 5.5e-05)
(0.08 0.015 5.5e-05)
(0.0825 0.015 5.5e-05)
(0.085 0.015 5.5e-05)
(0.0875 0.015 5.5e-05)
(0.09 0.015 5.5e-05)
(0.0925 0.015 5.5e-05)
(0.095 0.015 5.5e-05)
(0.0975 0.015 5.5e-05)
(0.1 0.015 5.5e-05)
(0 0.02 5.5e-05)
(0.0025 0.02 5.5e-05)
(0.005 0.02 5.5e-05)
(0.0075 0.02 5.5e-05)
(0.01 0.02 5.5e-05)
(0.0125 0.02 5.5e-05)
(0.015 0.02 5.5e-05)
(0.0175 0.02 5.5e-05)
(0.02 0.02 5.5e-05)
(0.0225 0.02 5.5e-05)
(0.025 0.02 5.5e-05)
(0.0275 0.02 5.5e-05)
(0.03 0.02 5.5e-05)
(0.0325 0.02 5.5e-05)
(0.035 0.02 5.5e-05)
(0.0375 0.02 5.5e-05)
(0.04 0.02 5.5e-05)
(0.0425 0.02 5.5e-05)
(0.045 0.02 5.5e-05)
(0.0475 0.02 5.5e-05)
(0.05 0.02 5.5e-05)
(0.0525 0.02 5.5e-05)
(0.055 0.02 5.5e-05)
(0.0575 0.02 5.5e-05)
(0.06 0.02 5.5e-05)
(0.0625 0.02 5.5e-05)
(0.065 0.02 5.5e-05)
(0.0675 0.02 5.5e-05)
(0.07 0.02 5.5e-05)
(0.0725 0.02 5.5e-05)
(0.075 0.02 5.5e-05)
(0.0775 0.02 5.5e-05)
(0.08 0.02 5.5e-05)
(0.0825 0.02 5.5e-05)
(0.085 0.02 5.5e-05)
(0.0875 0.02 5.5e-05)
(0.09 0.02 5.5e-05)
(0.0925 0.02 5.5e-05)
(0.095 0.02 5.5e-05)
(0.0975 0.02 5.5e-05)
(0.1 0.02 5.5e-05)
)


// ************************************************************************* //
